LocalTime,Power(MW)
01/01/06 00:00,0.0
01/01/06 01:00,0.0
01/01/06 02:00,0.0
01/01/06 03:00,0.0
01/01/06 04:00,0.0
01/01/06 05:00,0.0
01/01/06 06:00,0.0
01/01/06 07:00,18.0
01/01/06 08:00,25.6
01/01/06 09:00,17.5
01/01/06 10:00,28.9
01/01/06 11:00,25.3
01/01/06 12:00,12.3
01/01/06 13:00,10.0
01/01/06 14:00,1.6
01/01/06 15:00,0.4
01/01/06 16:00,0.0
01/01/06 17:00,0.0
01/01/06 18:00,0.0
01/01/06 19:00,0.0
01/01/06 20:00,0.0
01/01/06 21:00,0.0
01/01/06 22:00,0.0
01/01/06 23:00,0.0
01/02/06 00:00,0.0
01/02/06 01:00,0.0
01/02/06 02:00,0.0
01/02/06 03:00,0.0
01/02/06 04:00,0.0
01/02/06 05:00,0.0
01/02/06 06:00,0.0
01/02/06 07:00,16.3
01/02/06 08:00,0.1
01/02/06 09:00,24.8
01/02/06 10:00,20.9
01/02/06 11:00,29.3
01/02/06 12:00,9.6
01/02/06 13:00,4.9
01/02/06 14:00,7.7
01/02/06 15:00,6.8
01/02/06 16:00,0.0
01/02/06 17:00,0.0
01/02/06 18:00,0.0
01/02/06 19:00,0.0
01/02/06 20:00,0.0
01/02/06 21:00,0.0
01/02/06 22:00,0.0
01/02/06 23:00,0.0
01/03/06 00:00,0.0
01/03/06 01:00,0.0
01/03/06 02:00,0.0
01/03/06 03:00,0.0
01/03/06 04:00,0.0
01/03/06 05:00,0.0
01/03/06 06:00,0.0
01/03/06 07:00,24.5
01/03/06 08:00,32.3
01/03/06 09:00,20.5
01/03/06 10:00,30.3
01/03/06 11:00,32.9
01/03/06 12:00,33.5
01/03/06 13:00,32.9
01/03/06 14:00,31.5
01/03/06 15:00,21.0
01/03/06 16:00,0.0
01/03/06 17:00,0.0
01/03/06 18:00,0.0
01/03/06 19:00,0.0
01/03/06 20:00,0.0
01/03/06 21:00,0.0
01/03/06 22:00,0.0
01/03/06 23:00,0.0
01/04/06 00:00,0.0
01/04/06 01:00,0.0
01/04/06 02:00,0.0
01/04/06 03:00,0.0
01/04/06 04:00,0.0
01/04/06 05:00,0.0
01/04/06 06:00,0.0
01/04/06 07:00,23.6
01/04/06 08:00,30.4
01/04/06 09:00,30.2
01/04/06 10:00,35.4
01/04/06 11:00,33.8
01/04/06 12:00,34.0
01/04/06 13:00,34.1
01/04/06 14:00,30.5
01/04/06 15:00,20.5
01/04/06 16:00,0.0
01/04/06 17:00,0.0
01/04/06 18:00,0.0
01/04/06 19:00,0.0
01/04/06 20:00,0.0
01/04/06 21:00,0.0
01/04/06 22:00,0.0
01/04/06 23:00,0.0
01/05/06 00:00,0.0
01/05/06 01:00,0.0
01/05/06 02:00,0.0
01/05/06 03:00,0.0
01/05/06 04:00,0.0
01/05/06 05:00,0.0
01/05/06 06:00,0.0
01/05/06 07:00,23.1
01/05/06 08:00,31.3
01/05/06 09:00,27.7
01/05/06 10:00,34.4
01/05/06 11:00,29.5
01/05/06 12:00,35.3
01/05/06 13:00,34.3
01/05/06 14:00,31.0
01/05/06 15:00,21.2
01/05/06 16:00,0.0
01/05/06 17:00,0.0
01/05/06 18:00,0.0
01/05/06 19:00,0.0
01/05/06 20:00,0.0
01/05/06 21:00,0.0
01/05/06 22:00,0.0
01/05/06 23:00,0.0
01/06/06 00:00,0.0
01/06/06 01:00,0.0
01/06/06 02:00,0.0
01/06/06 03:00,0.0
01/06/06 04:00,0.0
01/06/06 05:00,0.0
01/06/06 06:00,0.0
01/06/06 07:00,23.3
01/06/06 08:00,30.3
01/06/06 09:00,31.1
01/06/06 10:00,34.7
01/06/06 11:00,34.1
01/06/06 12:00,31.8
01/06/06 13:00,31.1
01/06/06 14:00,30.6
01/06/06 15:00,19.6
01/06/06 16:00,0.0
01/06/06 17:00,0.0
01/06/06 18:00,0.0
01/06/06 19:00,0.0
01/06/06 20:00,0.0
01/06/06 21:00,0.0
01/06/06 22:00,0.0
01/06/06 23:00,0.0
01/07/06 00:00,0.0
01/07/06 01:00,0.0
01/07/06 02:00,0.0
01/07/06 03:00,0.0
01/07/06 04:00,0.0
01/07/06 05:00,0.0
01/07/06 06:00,0.0
01/07/06 07:00,24.1
01/07/06 08:00,32.0
01/07/06 09:00,30.7
01/07/06 10:00,35.6
01/07/06 11:00,34.8
01/07/06 12:00,35.1
01/07/06 13:00,33.6
01/07/06 14:00,28.0
01/07/06 15:00,20.0
01/07/06 16:00,0.0
01/07/06 17:00,0.0
01/07/06 18:00,0.0
01/07/06 19:00,0.0
01/07/06 20:00,0.0
01/07/06 21:00,0.0
01/07/06 22:00,0.0
01/07/06 23:00,0.0
01/08/06 00:00,0.0
01/08/06 01:00,0.0
01/08/06 02:00,0.0
01/08/06 03:00,0.0
01/08/06 04:00,0.0
01/08/06 05:00,0.0
01/08/06 06:00,0.0
01/08/06 07:00,24.2
01/08/06 08:00,32.9
01/08/06 09:00,29.7
01/08/06 10:00,34.9
01/08/06 11:00,35.6
01/08/06 12:00,34.7
01/08/06 13:00,34.3
01/08/06 14:00,32.7
01/08/06 15:00,22.7
01/08/06 16:00,0.0
01/08/06 17:00,0.0
01/08/06 18:00,0.0
01/08/06 19:00,0.0
01/08/06 20:00,0.0
01/08/06 21:00,0.0
01/08/06 22:00,0.0
01/08/06 23:00,0.0
01/09/06 00:00,0.0
01/09/06 01:00,0.0
01/09/06 02:00,0.0
01/09/06 03:00,0.0
01/09/06 04:00,0.0
01/09/06 05:00,0.0
01/09/06 06:00,0.0
01/09/06 07:00,23.6
01/09/06 08:00,32.7
01/09/06 09:00,31.4
01/09/06 10:00,37.1
01/09/06 11:00,36.8
01/09/06 12:00,35.4
01/09/06 13:00,34.5
01/09/06 14:00,30.2
01/09/06 15:00,20.6
01/09/06 16:00,0.0
01/09/06 17:00,0.0
01/09/06 18:00,0.0
01/09/06 19:00,0.0
01/09/06 20:00,0.0
01/09/06 21:00,0.0
01/09/06 22:00,0.0
01/09/06 23:00,0.0
01/10/06 00:00,0.0
01/10/06 01:00,0.0
01/10/06 02:00,0.0
01/10/06 03:00,0.0
01/10/06 04:00,0.0
01/10/06 05:00,0.0
01/10/06 06:00,0.0
01/10/06 07:00,24.8
01/10/06 08:00,32.2
01/10/06 09:00,28.6
01/10/06 10:00,35.1
01/10/06 11:00,33.6
01/10/06 12:00,34.6
01/10/06 13:00,34.0
01/10/06 14:00,32.2
01/10/06 15:00,22.3
01/10/06 16:00,0.1
01/10/06 17:00,0.0
01/10/06 18:00,0.0
01/10/06 19:00,0.0
01/10/06 20:00,0.0
01/10/06 21:00,0.0
01/10/06 22:00,0.0
01/10/06 23:00,0.0
01/11/06 00:00,0.0
01/11/06 01:00,0.0
01/11/06 02:00,0.0
01/11/06 03:00,0.0
01/11/06 04:00,0.0
01/11/06 05:00,0.0
01/11/06 06:00,0.0
01/11/06 07:00,22.3
01/11/06 08:00,30.9
01/11/06 09:00,29.0
01/11/06 10:00,29.2
01/11/06 11:00,24.1
01/11/06 12:00,32.0
01/11/06 13:00,30.0
01/11/06 14:00,26.2
01/11/06 15:00,19.3
01/11/06 16:00,0.0
01/11/06 17:00,0.0
01/11/06 18:00,0.0
01/11/06 19:00,0.0
01/11/06 20:00,0.0
01/11/06 21:00,0.0
01/11/06 22:00,0.0
01/11/06 23:00,0.0
01/12/06 00:00,0.0
01/12/06 01:00,0.0
01/12/06 02:00,0.0
01/12/06 03:00,0.0
01/12/06 04:00,0.0
01/12/06 05:00,0.0
01/12/06 06:00,0.0
01/12/06 07:00,23.2
01/12/06 08:00,30.3
01/12/06 09:00,25.2
01/12/06 10:00,33.6
01/12/06 11:00,33.9
01/12/06 12:00,33.6
01/12/06 13:00,33.1
01/12/06 14:00,31.3
01/12/06 15:00,22.2
01/12/06 16:00,0.4
01/12/06 17:00,0.0
01/12/06 18:00,0.0
01/12/06 19:00,0.0
01/12/06 20:00,0.0
01/12/06 21:00,0.0
01/12/06 22:00,0.0
01/12/06 23:00,0.0
01/13/06 00:00,0.0
01/13/06 01:00,0.0
01/13/06 02:00,0.0
01/13/06 03:00,0.0
01/13/06 04:00,0.0
01/13/06 05:00,0.0
01/13/06 06:00,0.0
01/13/06 07:00,23.5
01/13/06 08:00,30.2
01/13/06 09:00,28.4
01/13/06 10:00,34.1
01/13/06 11:00,34.3
01/13/06 12:00,32.9
01/13/06 13:00,33.2
01/13/06 14:00,30.4
01/13/06 15:00,21.6
01/13/06 16:00,0.6
01/13/06 17:00,0.0
01/13/06 18:00,0.0
01/13/06 19:00,0.0
01/13/06 20:00,0.0
01/13/06 21:00,0.0
01/13/06 22:00,0.0
01/13/06 23:00,0.0
01/14/06 00:00,0.0
01/14/06 01:00,0.0
01/14/06 02:00,0.0
01/14/06 03:00,0.0
01/14/06 04:00,0.0
01/14/06 05:00,0.0
01/14/06 06:00,0.0
01/14/06 07:00,25.1
01/14/06 08:00,33.6
01/14/06 09:00,31.1
01/14/06 10:00,36.0
01/14/06 11:00,31.1
01/14/06 12:00,27.2
01/14/06 13:00,17.4
01/14/06 14:00,11.8
01/14/06 15:00,16.3
01/14/06 16:00,0.0
01/14/06 17:00,0.0
01/14/06 18:00,0.0
01/14/06 19:00,0.0
01/14/06 20:00,0.0
01/14/06 21:00,0.0
01/14/06 22:00,0.0
01/14/06 23:00,0.0
01/15/06 00:00,0.0
01/15/06 01:00,0.0
01/15/06 02:00,0.0
01/15/06 03:00,0.0
01/15/06 04:00,0.0
01/15/06 05:00,0.0
01/15/06 06:00,0.0
01/15/06 07:00,25.2
01/15/06 08:00,34.0
01/15/06 09:00,33.7
01/15/06 10:00,39.0
01/15/06 11:00,38.7
01/15/06 12:00,38.3
01/15/06 13:00,36.9
01/15/06 14:00,35.5
01/15/06 15:00,26.1
01/15/06 16:00,1.4
01/15/06 17:00,0.0
01/15/06 18:00,0.0
01/15/06 19:00,0.0
01/15/06 20:00,0.0
01/15/06 21:00,0.0
01/15/06 22:00,0.0
01/15/06 23:00,0.0
01/16/06 00:00,0.0
01/16/06 01:00,0.0
01/16/06 02:00,0.0
01/16/06 03:00,0.0
01/16/06 04:00,0.0
01/16/06 05:00,0.0
01/16/06 06:00,0.0
01/16/06 07:00,24.1
01/16/06 08:00,33.2
01/16/06 09:00,32.1
01/16/06 10:00,32.7
01/16/06 11:00,34.0
01/16/06 12:00,36.6
01/16/06 13:00,35.4
01/16/06 14:00,32.6
01/16/06 15:00,25.0
01/16/06 16:00,2.3
01/16/06 17:00,0.0
01/16/06 18:00,0.0
01/16/06 19:00,0.0
01/16/06 20:00,0.0
01/16/06 21:00,0.0
01/16/06 22:00,0.0
01/16/06 23:00,0.0
01/17/06 00:00,0.0
01/17/06 01:00,0.0
01/17/06 02:00,0.0
01/17/06 03:00,0.0
01/17/06 04:00,0.0
01/17/06 05:00,0.0
01/17/06 06:00,0.0
01/17/06 07:00,24.6
01/17/06 08:00,32.3
01/17/06 09:00,29.8
01/17/06 10:00,33.9
01/17/06 11:00,35.2
01/17/06 12:00,33.5
01/17/06 13:00,33.8
01/17/06 14:00,31.2
01/17/06 15:00,23.1
01/17/06 16:00,0.9
01/17/06 17:00,0.0
01/17/06 18:00,0.0
01/17/06 19:00,0.0
01/17/06 20:00,0.0
01/17/06 21:00,0.0
01/17/06 22:00,0.0
01/17/06 23:00,0.0
01/18/06 00:00,0.0
01/18/06 01:00,0.0
01/18/06 02:00,0.0
01/18/06 03:00,0.0
01/18/06 04:00,0.0
01/18/06 05:00,0.0
01/18/06 06:00,0.0
01/18/06 07:00,24.4
01/18/06 08:00,32.1
01/18/06 09:00,30.1
01/18/06 10:00,37.1
01/18/06 11:00,35.7
01/18/06 12:00,34.4
01/18/06 13:00,30.8
01/18/06 14:00,26.6
01/18/06 15:00,14.6
01/18/06 16:00,0.0
01/18/06 17:00,0.0
01/18/06 18:00,0.0
01/18/06 19:00,0.0
01/18/06 20:00,0.0
01/18/06 21:00,0.0
01/18/06 22:00,0.0
01/18/06 23:00,0.0
01/19/06 00:00,0.0
01/19/06 01:00,0.0
01/19/06 02:00,0.0
01/19/06 03:00,0.0
01/19/06 04:00,0.0
01/19/06 05:00,0.0
01/19/06 06:00,0.0
01/19/06 07:00,25.5
01/19/06 08:00,34.5
01/19/06 09:00,30.7
01/19/06 10:00,37.4
01/19/06 11:00,37.4
01/19/06 12:00,36.7
01/19/06 13:00,33.0
01/19/06 14:00,26.8
01/19/06 15:00,20.2
01/19/06 16:00,0.0
01/19/06 17:00,0.0
01/19/06 18:00,0.0
01/19/06 19:00,0.0
01/19/06 20:00,0.0
01/19/06 21:00,0.0
01/19/06 22:00,0.0
01/19/06 23:00,0.0
01/20/06 00:00,0.0
01/20/06 01:00,0.0
01/20/06 02:00,0.0
01/20/06 03:00,0.0
01/20/06 04:00,0.0
01/20/06 05:00,0.0
01/20/06 06:00,0.0
01/20/06 07:00,25.5
01/20/06 08:00,32.6
01/20/06 09:00,30.8
01/20/06 10:00,36.5
01/20/06 11:00,36.1
01/20/06 12:00,36.5
01/20/06 13:00,35.0
01/20/06 14:00,33.8
01/20/06 15:00,23.8
01/20/06 16:00,5.2
01/20/06 17:00,0.0
01/20/06 18:00,0.0
01/20/06 19:00,0.0
01/20/06 20:00,0.0
01/20/06 21:00,0.0
01/20/06 22:00,0.0
01/20/06 23:00,0.0
01/21/06 00:00,0.0
01/21/06 01:00,0.0
01/21/06 02:00,0.0
01/21/06 03:00,0.0
01/21/06 04:00,0.0
01/21/06 05:00,0.0
01/21/06 06:00,0.0
01/21/06 07:00,25.5
01/21/06 08:00,35.1
01/21/06 09:00,31.2
01/21/06 10:00,35.2
01/21/06 11:00,34.6
01/21/06 12:00,35.2
01/21/06 13:00,33.7
01/21/06 14:00,33.2
01/21/06 15:00,25.0
01/21/06 16:00,1.5
01/21/06 17:00,0.0
01/21/06 18:00,0.0
01/21/06 19:00,0.0
01/21/06 20:00,0.0
01/21/06 21:00,0.0
01/21/06 22:00,0.0
01/21/06 23:00,0.0
01/22/06 00:00,0.0
01/22/06 01:00,0.0
01/22/06 02:00,0.0
01/22/06 03:00,0.0
01/22/06 04:00,0.0
01/22/06 05:00,0.0
01/22/06 06:00,0.0
01/22/06 07:00,24.8
01/22/06 08:00,33.0
01/22/06 09:00,30.1
01/22/06 10:00,31.9
01/22/06 11:00,29.6
01/22/06 12:00,29.9
01/22/06 13:00,37.3
01/22/06 14:00,34.7
01/22/06 15:00,27.8
01/22/06 16:00,6.6
01/22/06 17:00,0.0
01/22/06 18:00,0.0
01/22/06 19:00,0.0
01/22/06 20:00,0.0
01/22/06 21:00,0.0
01/22/06 22:00,0.0
01/22/06 23:00,0.0
01/23/06 00:00,0.0
01/23/06 01:00,0.0
01/23/06 02:00,0.0
01/23/06 03:00,0.0
01/23/06 04:00,0.0
01/23/06 05:00,0.0
01/23/06 06:00,0.0
01/23/06 07:00,25.8
01/23/06 08:00,34.7
01/23/06 09:00,33.9
01/23/06 10:00,38.7
01/23/06 11:00,38.4
01/23/06 12:00,34.4
01/23/06 13:00,34.9
01/23/06 14:00,32.6
01/23/06 15:00,23.3
01/23/06 16:00,0.1
01/23/06 17:00,0.0
01/23/06 18:00,0.0
01/23/06 19:00,0.0
01/23/06 20:00,0.0
01/23/06 21:00,0.0
01/23/06 22:00,0.0
01/23/06 23:00,0.0
01/24/06 00:00,0.0
01/24/06 01:00,0.0
01/24/06 02:00,0.0
01/24/06 03:00,0.0
01/24/06 04:00,0.0
01/24/06 05:00,0.0
01/24/06 06:00,0.0
01/24/06 07:00,25.1
01/24/06 08:00,34.1
01/24/06 09:00,31.2
01/24/06 10:00,36.1
01/24/06 11:00,37.6
01/24/06 12:00,37.6
01/24/06 13:00,37.0
01/24/06 14:00,35.6
01/24/06 15:00,27.4
01/24/06 16:00,2.9
01/24/06 17:00,0.0
01/24/06 18:00,0.0
01/24/06 19:00,0.0
01/24/06 20:00,0.0
01/24/06 21:00,0.0
01/24/06 22:00,0.0
01/24/06 23:00,0.0
01/25/06 00:00,0.0
01/25/06 01:00,0.0
01/25/06 02:00,0.0
01/25/06 03:00,0.0
01/25/06 04:00,0.0
01/25/06 05:00,0.0
01/25/06 06:00,0.0
01/25/06 07:00,26.2
01/25/06 08:00,34.7
01/25/06 09:00,31.5
01/25/06 10:00,34.6
01/25/06 11:00,35.7
01/25/06 12:00,33.6
01/25/06 13:00,35.6
01/25/06 14:00,35.6
01/25/06 15:00,28.0
01/25/06 16:00,4.4
01/25/06 17:00,0.0
01/25/06 18:00,0.0
01/25/06 19:00,0.0
01/25/06 20:00,0.0
01/25/06 21:00,0.0
01/25/06 22:00,0.0
01/25/06 23:00,0.0
01/26/06 00:00,0.0
01/26/06 01:00,0.0
01/26/06 02:00,0.0
01/26/06 03:00,0.0
01/26/06 04:00,0.0
01/26/06 05:00,0.0
01/26/06 06:00,0.0
01/26/06 07:00,26.1
01/26/06 08:00,30.6
01/26/06 09:00,31.2
01/26/06 10:00,37.3
01/26/06 11:00,36.2
01/26/06 12:00,37.6
01/26/06 13:00,35.5
01/26/06 14:00,35.9
01/26/06 15:00,28.0
01/26/06 16:00,5.0
01/26/06 17:00,0.0
01/26/06 18:00,0.0
01/26/06 19:00,0.0
01/26/06 20:00,0.0
01/26/06 21:00,0.0
01/26/06 22:00,0.0
01/26/06 23:00,0.0
01/27/06 00:00,0.0
01/27/06 01:00,0.0
01/27/06 02:00,0.0
01/27/06 03:00,0.0
01/27/06 04:00,0.0
01/27/06 05:00,0.0
01/27/06 06:00,0.0
01/27/06 07:00,26.8
01/27/06 08:00,35.5
01/27/06 09:00,34.3
01/27/06 10:00,39.3
01/27/06 11:00,39.1
01/27/06 12:00,36.6
01/27/06 13:00,37.0
01/27/06 14:00,34.7
01/27/06 15:00,25.5
01/27/06 16:00,0.1
01/27/06 17:00,0.0
01/27/06 18:00,0.0
01/27/06 19:00,0.0
01/27/06 20:00,0.0
01/27/06 21:00,0.0
01/27/06 22:00,0.0
01/27/06 23:00,0.0
01/28/06 00:00,0.0
01/28/06 01:00,0.0
01/28/06 02:00,0.0
01/28/06 03:00,0.0
01/28/06 04:00,0.0
01/28/06 05:00,0.0
01/28/06 06:00,0.0
01/28/06 07:00,26.1
01/28/06 08:00,34.7
01/28/06 09:00,35.5
01/28/06 10:00,35.4
01/28/06 11:00,34.6
01/28/06 12:00,35.4
01/28/06 13:00,36.9
01/28/06 14:00,36.4
01/28/06 15:00,27.0
01/28/06 16:00,0.6
01/28/06 17:00,0.0
01/28/06 18:00,0.0
01/28/06 19:00,0.0
01/28/06 20:00,0.0
01/28/06 21:00,0.0
01/28/06 22:00,0.0
01/28/06 23:00,0.0
01/29/06 00:00,0.0
01/29/06 01:00,0.0
01/29/06 02:00,0.0
01/29/06 03:00,0.0
01/29/06 04:00,0.0
01/29/06 05:00,0.0
01/29/06 06:00,0.0
01/29/06 07:00,26.4
01/29/06 08:00,34.4
01/29/06 09:00,31.4
01/29/06 10:00,36.8
01/29/06 11:00,35.0
01/29/06 12:00,35.3
01/29/06 13:00,35.4
01/29/06 14:00,35.4
01/29/06 15:00,26.4
01/29/06 16:00,5.1
01/29/06 17:00,0.0
01/29/06 18:00,0.0
01/29/06 19:00,0.0
01/29/06 20:00,0.0
01/29/06 21:00,0.0
01/29/06 22:00,0.0
01/29/06 23:00,0.0
01/30/06 00:00,0.0
01/30/06 01:00,0.0
01/30/06 02:00,0.0
01/30/06 03:00,0.0
01/30/06 04:00,0.0
01/30/06 05:00,0.0
01/30/06 06:00,0.0
01/30/06 07:00,25.8
01/30/06 08:00,33.7
01/30/06 09:00,32.3
01/30/06 10:00,34.8
01/30/06 11:00,35.6
01/30/06 12:00,33.5
01/30/06 13:00,30.6
01/30/06 14:00,27.0
01/30/06 15:00,22.8
01/30/06 16:00,4.7
01/30/06 17:00,0.0
01/30/06 18:00,0.0
01/30/06 19:00,0.0
01/30/06 20:00,0.0
01/30/06 21:00,0.0
01/30/06 22:00,0.0
01/30/06 23:00,0.0
01/31/06 00:00,0.0
01/31/06 01:00,0.0
01/31/06 02:00,0.0
01/31/06 03:00,0.0
01/31/06 04:00,0.0
01/31/06 05:00,0.0
01/31/06 06:00,0.0
01/31/06 07:00,26.8
01/31/06 08:00,34.6
01/31/06 09:00,29.8
01/31/06 10:00,29.7
01/31/06 11:00,29.6
01/31/06 12:00,29.5
01/31/06 13:00,30.3
01/31/06 14:00,32.0
01/31/06 15:00,27.2
01/31/06 16:00,4.9
01/31/06 17:00,0.0
01/31/06 18:00,0.0
01/31/06 19:00,0.0
01/31/06 20:00,0.0
01/31/06 21:00,0.0
01/31/06 22:00,0.0
01/31/06 23:00,0.0
02/01/06 00:00,0.0
02/01/06 01:00,0.0
02/01/06 02:00,0.0
02/01/06 03:00,0.0
02/01/06 04:00,0.0
02/01/06 05:00,0.0
02/01/06 06:00,0.0
02/01/06 07:00,27.4
02/01/06 08:00,36.7
02/01/06 09:00,28.5
02/01/06 10:00,33.8
02/01/06 11:00,33.8
02/01/06 12:00,30.0
02/01/06 13:00,36.3
02/01/06 14:00,33.8
02/01/06 15:00,28.2
02/01/06 16:00,5.3
02/01/06 17:00,0.0
02/01/06 18:00,0.0
02/01/06 19:00,0.0
02/01/06 20:00,0.0
02/01/06 21:00,0.0
02/01/06 22:00,0.0
02/01/06 23:00,0.0
02/02/06 00:00,0.0
02/02/06 01:00,0.0
02/02/06 02:00,0.0
02/02/06 03:00,0.0
02/02/06 04:00,0.0
02/02/06 05:00,0.0
02/02/06 06:00,0.0
02/02/06 07:00,27.3
02/02/06 08:00,36.4
02/02/06 09:00,33.7
02/02/06 10:00,23.2
02/02/06 11:00,22.6
02/02/06 12:00,27.7
02/02/06 13:00,25.6
02/02/06 14:00,22.2
02/02/06 15:00,20.6
02/02/06 16:00,0.9
02/02/06 17:00,0.0
02/02/06 18:00,0.0
02/02/06 19:00,0.0
02/02/06 20:00,0.0
02/02/06 21:00,0.0
02/02/06 22:00,0.0
02/02/06 23:00,0.0
02/03/06 00:00,0.0
02/03/06 01:00,0.0
02/03/06 02:00,0.0
02/03/06 03:00,0.0
02/03/06 04:00,0.0
02/03/06 05:00,0.0
02/03/06 06:00,0.0
02/03/06 07:00,27.0
02/03/06 08:00,33.1
02/03/06 09:00,33.1
02/03/06 10:00,33.0
02/03/06 11:00,33.3
02/03/06 12:00,33.3
02/03/06 13:00,34.6
02/03/06 14:00,33.5
02/03/06 15:00,26.9
02/03/06 16:00,6.4
02/03/06 17:00,0.0
02/03/06 18:00,0.0
02/03/06 19:00,0.0
02/03/06 20:00,0.0
02/03/06 21:00,0.0
02/03/06 22:00,0.0
02/03/06 23:00,0.0
02/04/06 00:00,0.0
02/04/06 01:00,0.0
02/04/06 02:00,0.0
02/04/06 03:00,0.0
02/04/06 04:00,0.0
02/04/06 05:00,0.0
02/04/06 06:00,0.0
02/04/06 07:00,26.5
02/04/06 08:00,33.0
02/04/06 09:00,37.2
02/04/06 10:00,37.4
02/04/06 11:00,37.6
02/04/06 12:00,35.0
02/04/06 13:00,33.3
02/04/06 14:00,35.1
02/04/06 15:00,29.7
02/04/06 16:00,7.2
02/04/06 17:00,0.0
02/04/06 18:00,0.0
02/04/06 19:00,0.0
02/04/06 20:00,0.0
02/04/06 21:00,0.0
02/04/06 22:00,0.0
02/04/06 23:00,0.0
02/05/06 00:00,0.0
02/05/06 01:00,0.0
02/05/06 02:00,0.0
02/05/06 03:00,0.0
02/05/06 04:00,0.0
02/05/06 05:00,0.0
02/05/06 06:00,0.0
02/05/06 07:00,26.6
02/05/06 08:00,34.6
02/05/06 09:00,31.2
02/05/06 10:00,30.4
02/05/06 11:00,30.3
02/05/06 12:00,37.3
02/05/06 13:00,37.4
02/05/06 14:00,35.4
02/05/06 15:00,28.9
02/05/06 16:00,7.7
02/05/06 17:00,0.0
02/05/06 18:00,0.0
02/05/06 19:00,0.0
02/05/06 20:00,0.0
02/05/06 21:00,0.0
02/05/06 22:00,0.0
02/05/06 23:00,0.0
02/06/06 00:00,0.0
02/06/06 01:00,0.0
02/06/06 02:00,0.0
02/06/06 03:00,0.0
02/06/06 04:00,0.0
02/06/06 05:00,0.0
02/06/06 06:00,0.0
02/06/06 07:00,26.7
02/06/06 08:00,35.8
02/06/06 09:00,37.0
02/06/06 10:00,39.3
02/06/06 11:00,38.2
02/06/06 12:00,35.1
02/06/06 13:00,34.6
02/06/06 14:00,31.9
02/06/06 15:00,18.7
02/06/06 16:00,3.1
02/06/06 17:00,0.0
02/06/06 18:00,0.0
02/06/06 19:00,0.0
02/06/06 20:00,0.0
02/06/06 21:00,0.0
02/06/06 22:00,0.0
02/06/06 23:00,0.0
02/07/06 00:00,0.0
02/07/06 01:00,0.0
02/07/06 02:00,0.0
02/07/06 03:00,0.0
02/07/06 04:00,0.0
02/07/06 05:00,0.0
02/07/06 06:00,0.0
02/07/06 07:00,28.3
02/07/06 08:00,35.7
02/07/06 09:00,35.7
02/07/06 10:00,35.2
02/07/06 11:00,35.6
02/07/06 12:00,35.8
02/07/06 13:00,37.2
02/07/06 14:00,34.6
02/07/06 15:00,27.2
02/07/06 16:00,7.5
02/07/06 17:00,0.0
02/07/06 18:00,0.0
02/07/06 19:00,0.0
02/07/06 20:00,0.0
02/07/06 21:00,0.0
02/07/06 22:00,0.0
02/07/06 23:00,0.0
02/08/06 00:00,0.0
02/08/06 01:00,0.0
02/08/06 02:00,0.0
02/08/06 03:00,0.0
02/08/06 04:00,0.0
02/08/06 05:00,0.0
02/08/06 06:00,0.0
02/08/06 07:00,27.8
02/08/06 08:00,35.3
02/08/06 09:00,31.6
02/08/06 10:00,34.0
02/08/06 11:00,34.4
02/08/06 12:00,33.9
02/08/06 13:00,33.6
02/08/06 14:00,35.5
02/08/06 15:00,27.9
02/08/06 16:00,8.6
02/08/06 17:00,0.0
02/08/06 18:00,0.0
02/08/06 19:00,0.0
02/08/06 20:00,0.0
02/08/06 21:00,0.0
02/08/06 22:00,0.0
02/08/06 23:00,0.0
02/09/06 00:00,0.0
02/09/06 01:00,0.0
02/09/06 02:00,0.0
02/09/06 03:00,0.0
02/09/06 04:00,0.0
02/09/06 05:00,0.0
02/09/06 06:00,0.0
02/09/06 07:00,28.2
02/09/06 08:00,35.6
02/09/06 09:00,37.3
02/09/06 10:00,37.9
02/09/06 11:00,37.0
02/09/06 12:00,34.1
02/09/06 13:00,32.8
02/09/06 14:00,33.0
02/09/06 15:00,26.5
02/09/06 16:00,7.1
02/09/06 17:00,0.0
02/09/06 18:00,0.0
02/09/06 19:00,0.0
02/09/06 20:00,0.0
02/09/06 21:00,0.0
02/09/06 22:00,0.0
02/09/06 23:00,0.0
02/10/06 00:00,0.0
02/10/06 01:00,0.0
02/10/06 02:00,0.0
02/10/06 03:00,0.0
02/10/06 04:00,0.0
02/10/06 05:00,0.0
02/10/06 06:00,0.0
02/10/06 07:00,27.6
02/10/06 08:00,32.4
02/10/06 09:00,34.6
02/10/06 10:00,36.8
02/10/06 11:00,34.7
02/10/06 12:00,35.3
02/10/06 13:00,34.9
02/10/06 14:00,35.7
02/10/06 15:00,29.3
02/10/06 16:00,9.5
02/10/06 17:00,0.0
02/10/06 18:00,0.0
02/10/06 19:00,0.0
02/10/06 20:00,0.0
02/10/06 21:00,0.0
02/10/06 22:00,0.0
02/10/06 23:00,0.0
02/11/06 00:00,0.0
02/11/06 01:00,0.0
02/11/06 02:00,0.0
02/11/06 03:00,0.0
02/11/06 04:00,0.0
02/11/06 05:00,0.0
02/11/06 06:00,0.0
02/11/06 07:00,27.2
02/11/06 08:00,34.9
02/11/06 09:00,36.6
02/11/06 10:00,35.9
02/11/06 11:00,37.9
02/11/06 12:00,37.5
02/11/06 13:00,36.8
02/11/06 14:00,33.1
02/11/06 15:00,28.0
02/11/06 16:00,10.3
02/11/06 17:00,0.0
02/11/06 18:00,0.0
02/11/06 19:00,0.0
02/11/06 20:00,0.0
02/11/06 21:00,0.0
02/11/06 22:00,0.0
02/11/06 23:00,0.0
02/12/06 00:00,0.0
02/12/06 01:00,0.0
02/12/06 02:00,0.0
02/12/06 03:00,0.0
02/12/06 04:00,0.0
02/12/06 05:00,0.0
02/12/06 06:00,0.0
02/12/06 07:00,27.3
02/12/06 08:00,35.2
02/12/06 09:00,35.6
02/12/06 10:00,36.6
02/12/06 11:00,36.4
02/12/06 12:00,35.7
02/12/06 13:00,34.2
02/12/06 14:00,32.9
02/12/06 15:00,29.7
02/12/06 16:00,9.8
02/12/06 17:00,0.0
02/12/06 18:00,0.0
02/12/06 19:00,0.0
02/12/06 20:00,0.0
02/12/06 21:00,0.0
02/12/06 22:00,0.0
02/12/06 23:00,0.0
02/13/06 00:00,0.0
02/13/06 01:00,0.0
02/13/06 02:00,0.0
02/13/06 03:00,0.0
02/13/06 04:00,0.0
02/13/06 05:00,0.0
02/13/06 06:00,0.0
02/13/06 07:00,27.3
02/13/06 08:00,35.2
02/13/06 09:00,37.9
02/13/06 10:00,37.6
02/13/06 11:00,36.0
02/13/06 12:00,35.6
02/13/06 13:00,36.9
02/13/06 14:00,36.0
02/13/06 15:00,29.6
02/13/06 16:00,10.2
02/13/06 17:00,0.0
02/13/06 18:00,0.0
02/13/06 19:00,0.0
02/13/06 20:00,0.0
02/13/06 21:00,0.0
02/13/06 22:00,0.0
02/13/06 23:00,0.0
02/14/06 00:00,0.0
02/14/06 01:00,0.0
02/14/06 02:00,0.0
02/14/06 03:00,0.0
02/14/06 04:00,0.0
02/14/06 05:00,0.0
02/14/06 06:00,0.0
02/14/06 07:00,27.2
02/14/06 08:00,35.0
02/14/06 09:00,35.6
02/14/06 10:00,36.8
02/14/06 11:00,36.4
02/14/06 12:00,35.3
02/14/06 13:00,37.3
02/14/06 14:00,36.3
02/14/06 15:00,30.7
02/14/06 16:00,11.2
02/14/06 17:00,0.0
02/14/06 18:00,0.0
02/14/06 19:00,0.0
02/14/06 20:00,0.0
02/14/06 21:00,0.0
02/14/06 22:00,0.0
02/14/06 23:00,0.0
02/15/06 00:00,0.0
02/15/06 01:00,0.0
02/15/06 02:00,0.0
02/15/06 03:00,0.0
02/15/06 04:00,0.0
02/15/06 05:00,0.0
02/15/06 06:00,0.0
02/15/06 07:00,30.3
02/15/06 08:00,37.8
02/15/06 09:00,36.8
02/15/06 10:00,31.5
02/15/06 11:00,29.6
02/15/06 12:00,32.2
02/15/06 13:00,33.6
02/15/06 14:00,31.9
02/15/06 15:00,29.0
02/15/06 16:00,7.3
02/15/06 17:00,0.0
02/15/06 18:00,0.0
02/15/06 19:00,0.0
02/15/06 20:00,0.0
02/15/06 21:00,0.0
02/15/06 22:00,0.0
02/15/06 23:00,0.0
02/16/06 00:00,0.0
02/16/06 01:00,0.0
02/16/06 02:00,0.0
02/16/06 03:00,0.0
02/16/06 04:00,0.0
02/16/06 05:00,0.0
02/16/06 06:00,0.0
02/16/06 07:00,29.2
02/16/06 08:00,37.3
02/16/06 09:00,37.6
02/16/06 10:00,37.6
02/16/06 11:00,34.8
02/16/06 12:00,37.8
02/16/06 13:00,38.6
02/16/06 14:00,35.2
02/16/06 15:00,28.2
02/16/06 16:00,6.2
02/16/06 17:00,0.0
02/16/06 18:00,0.0
02/16/06 19:00,0.0
02/16/06 20:00,0.0
02/16/06 21:00,0.0
02/16/06 22:00,0.0
02/16/06 23:00,0.0
02/17/06 00:00,0.0
02/17/06 01:00,0.0
02/17/06 02:00,0.0
02/17/06 03:00,0.0
02/17/06 04:00,0.0
02/17/06 05:00,0.0
02/17/06 06:00,0.0
02/17/06 07:00,29.8
02/17/06 08:00,35.7
02/17/06 09:00,38.8
02/17/06 10:00,39.8
02/17/06 11:00,40.3
02/17/06 12:00,40.7
02/17/06 13:00,37.2
02/17/06 14:00,31.1
02/17/06 15:00,11.0
02/17/06 16:00,5.5
02/17/06 17:00,0.0
02/17/06 18:00,0.0
02/17/06 19:00,0.0
02/17/06 20:00,0.0
02/17/06 21:00,0.0
02/17/06 22:00,0.0
02/17/06 23:00,0.0
02/18/06 00:00,0.0
02/18/06 01:00,0.0
02/18/06 02:00,0.0
02/18/06 03:00,0.0
02/18/06 04:00,0.0
02/18/06 05:00,0.0
02/18/06 06:00,0.0
02/18/06 07:00,31.6
02/18/06 08:00,36.6
02/18/06 09:00,37.3
02/18/06 10:00,35.1
02/18/06 11:00,32.9
02/18/06 12:00,29.3
02/18/06 13:00,29.4
02/18/06 14:00,23.4
02/18/06 15:00,24.9
02/18/06 16:00,10.6
02/18/06 17:00,0.0
02/18/06 18:00,0.0
02/18/06 19:00,0.0
02/18/06 20:00,0.0
02/18/06 21:00,0.0
02/18/06 22:00,0.0
02/18/06 23:00,0.0
02/19/06 00:00,0.0
02/19/06 01:00,0.0
02/19/06 02:00,0.0
02/19/06 03:00,0.0
02/19/06 04:00,0.0
02/19/06 05:00,0.0
02/19/06 06:00,0.0
02/19/06 07:00,1.4
02/19/06 08:00,28.2
02/19/06 09:00,33.1
02/19/06 10:00,24.0
02/19/06 11:00,11.1
02/19/06 12:00,11.0
02/19/06 13:00,22.6
02/19/06 14:00,24.6
02/19/06 15:00,18.7
02/19/06 16:00,10.2
02/19/06 17:00,0.0
02/19/06 18:00,0.0
02/19/06 19:00,0.0
02/19/06 20:00,0.0
02/19/06 21:00,0.0
02/19/06 22:00,0.0
02/19/06 23:00,0.0
02/20/06 00:00,0.0
02/20/06 01:00,0.0
02/20/06 02:00,0.0
02/20/06 03:00,0.0
02/20/06 04:00,0.0
02/20/06 05:00,0.0
02/20/06 06:00,0.0
02/20/06 07:00,29.9
02/20/06 08:00,37.0
02/20/06 09:00,39.7
02/20/06 10:00,39.3
02/20/06 11:00,39.0
02/20/06 12:00,35.3
02/20/06 13:00,31.8
02/20/06 14:00,36.4
02/20/06 15:00,26.8
02/20/06 16:00,11.1
02/20/06 17:00,0.0
02/20/06 18:00,0.0
02/20/06 19:00,0.0
02/20/06 20:00,0.0
02/20/06 21:00,0.0
02/20/06 22:00,0.0
02/20/06 23:00,0.0
02/21/06 00:00,0.0
02/21/06 01:00,0.0
02/21/06 02:00,0.0
02/21/06 03:00,0.0
02/21/06 04:00,0.0
02/21/06 05:00,0.0
02/21/06 06:00,0.0
02/21/06 07:00,30.3
02/21/06 08:00,38.2
02/21/06 09:00,37.3
02/21/06 10:00,38.9
02/21/06 11:00,40.1
02/21/06 12:00,39.6
02/21/06 13:00,36.3
02/21/06 14:00,35.1
02/21/06 15:00,31.4
02/21/06 16:00,13.5
02/21/06 17:00,0.0
02/21/06 18:00,0.0
02/21/06 19:00,0.0
02/21/06 20:00,0.0
02/21/06 21:00,0.0
02/21/06 22:00,0.0
02/21/06 23:00,0.0
02/22/06 00:00,0.0
02/22/06 01:00,0.0
02/22/06 02:00,0.0
02/22/06 03:00,0.0
02/22/06 04:00,0.0
02/22/06 05:00,0.0
02/22/06 06:00,0.0
02/22/06 07:00,30.4
02/22/06 08:00,37.6
02/22/06 09:00,39.0
02/22/06 10:00,39.4
02/22/06 11:00,39.5
02/22/06 12:00,39.2
02/22/06 13:00,36.9
02/22/06 14:00,37.7
02/22/06 15:00,32.1
02/22/06 16:00,14.6
02/22/06 17:00,0.0
02/22/06 18:00,0.0
02/22/06 19:00,0.0
02/22/06 20:00,0.0
02/22/06 21:00,0.0
02/22/06 22:00,0.0
02/22/06 23:00,0.0
02/23/06 00:00,0.0
02/23/06 01:00,0.0
02/23/06 02:00,0.0
02/23/06 03:00,0.0
02/23/06 04:00,0.0
02/23/06 05:00,0.0
02/23/06 06:00,0.0
02/23/06 07:00,30.7
02/23/06 08:00,36.1
02/23/06 09:00,36.5
02/23/06 10:00,37.6
02/23/06 11:00,35.9
02/23/06 12:00,35.4
02/23/06 13:00,35.3
02/23/06 14:00,36.0
02/23/06 15:00,31.6
02/23/06 16:00,15.1
02/23/06 17:00,0.0
02/23/06 18:00,0.0
02/23/06 19:00,0.0
02/23/06 20:00,0.0
02/23/06 21:00,0.0
02/23/06 22:00,0.0
02/23/06 23:00,0.0
02/24/06 00:00,0.0
02/24/06 01:00,0.0
02/24/06 02:00,0.0
02/24/06 03:00,0.0
02/24/06 04:00,0.0
02/24/06 05:00,0.0
02/24/06 06:00,13.6
02/24/06 07:00,31.4
02/24/06 08:00,32.0
02/24/06 09:00,36.1
02/24/06 10:00,36.3
02/24/06 11:00,35.7
02/24/06 12:00,34.9
02/24/06 13:00,34.5
02/24/06 14:00,36.1
02/24/06 15:00,29.5
02/24/06 16:00,12.6
02/24/06 17:00,0.0
02/24/06 18:00,0.0
02/24/06 19:00,0.0
02/24/06 20:00,0.0
02/24/06 21:00,0.0
02/24/06 22:00,0.0
02/24/06 23:00,0.0
02/25/06 00:00,0.0
02/25/06 01:00,0.0
02/25/06 02:00,0.0
02/25/06 03:00,0.0
02/25/06 04:00,0.0
02/25/06 05:00,0.0
02/25/06 06:00,13.8
02/25/06 07:00,31.7
02/25/06 08:00,32.8
02/25/06 09:00,36.6
02/25/06 10:00,38.2
02/25/06 11:00,38.5
02/25/06 12:00,37.4
02/25/06 13:00,36.5
02/25/06 14:00,35.8
02/25/06 15:00,31.4
02/25/06 16:00,13.7
02/25/06 17:00,0.0
02/25/06 18:00,0.0
02/25/06 19:00,0.0
02/25/06 20:00,0.0
02/25/06 21:00,0.0
02/25/06 22:00,0.0
02/25/06 23:00,0.0
02/26/06 00:00,0.0
02/26/06 01:00,0.0
02/26/06 02:00,0.0
02/26/06 03:00,0.0
02/26/06 04:00,0.0
02/26/06 05:00,0.0
02/26/06 06:00,13.6
02/26/06 07:00,21.8
02/26/06 08:00,0.7
02/26/06 09:00,19.4
02/26/06 10:00,8.4
02/26/06 11:00,2.9
02/26/06 12:00,7.3
02/26/06 13:00,7.7
02/26/06 14:00,11.8
02/26/06 15:00,11.1
02/26/06 16:00,3.2
02/26/06 17:00,0.0
02/26/06 18:00,0.0
02/26/06 19:00,0.0
02/26/06 20:00,0.0
02/26/06 21:00,0.0
02/26/06 22:00,0.0
02/26/06 23:00,0.0
02/27/06 00:00,0.0
02/27/06 01:00,0.0
02/27/06 02:00,0.0
02/27/06 03:00,0.0
02/27/06 04:00,0.0
02/27/06 05:00,0.0
02/27/06 06:00,13.4
02/27/06 07:00,19.6
02/27/06 08:00,37.2
02/27/06 09:00,36.3
02/27/06 10:00,34.3
02/27/06 11:00,35.4
02/27/06 12:00,10.8
02/27/06 13:00,14.4
02/27/06 14:00,7.9
02/27/06 15:00,6.1
02/27/06 16:00,1.9
02/27/06 17:00,0.0
02/27/06 18:00,0.0
02/27/06 19:00,0.0
02/27/06 20:00,0.0
02/27/06 21:00,0.0
02/27/06 22:00,0.0
02/27/06 23:00,0.0
02/28/06 00:00,0.0
02/28/06 01:00,0.0
02/28/06 02:00,0.0
02/28/06 03:00,0.0
02/28/06 04:00,0.0
02/28/06 05:00,0.0
02/28/06 06:00,15.5
02/28/06 07:00,33.2
02/28/06 08:00,28.0
02/28/06 09:00,33.3
02/28/06 10:00,25.8
02/28/06 11:00,36.7
02/28/06 12:00,40.5
02/28/06 13:00,41.4
02/28/06 14:00,40.7
02/28/06 15:00,34.3
02/28/06 16:00,17.0
02/28/06 17:00,0.0
02/28/06 18:00,0.0
02/28/06 19:00,0.0
02/28/06 20:00,0.0
02/28/06 21:00,0.0
02/28/06 22:00,0.0
02/28/06 23:00,0.0
03/01/06 00:00,0.0
03/01/06 01:00,0.0
03/01/06 02:00,0.0
03/01/06 03:00,0.0
03/01/06 04:00,0.0
03/01/06 05:00,0.0
03/01/06 06:00,14.1
03/01/06 07:00,32.8
03/01/06 08:00,33.0
03/01/06 09:00,37.8
03/01/06 10:00,39.5
03/01/06 11:00,39.5
03/01/06 12:00,39.8
03/01/06 13:00,39.2
03/01/06 14:00,39.7
03/01/06 15:00,33.0
03/01/06 16:00,17.6
03/01/06 17:00,0.0
03/01/06 18:00,0.0
03/01/06 19:00,0.0
03/01/06 20:00,0.0
03/01/06 21:00,0.0
03/01/06 22:00,0.0
03/01/06 23:00,0.0
03/02/06 00:00,0.0
03/02/06 01:00,0.0
03/02/06 02:00,0.0
03/02/06 03:00,0.0
03/02/06 04:00,0.0
03/02/06 05:00,0.0
03/02/06 06:00,14.9
03/02/06 07:00,33.3
03/02/06 08:00,33.3
03/02/06 09:00,40.1
03/02/06 10:00,39.7
03/02/06 11:00,40.1
03/02/06 12:00,39.2
03/02/06 13:00,38.4
03/02/06 14:00,36.5
03/02/06 15:00,31.4
03/02/06 16:00,15.8
03/02/06 17:00,0.0
03/02/06 18:00,0.0
03/02/06 19:00,0.0
03/02/06 20:00,0.0
03/02/06 21:00,0.0
03/02/06 22:00,0.0
03/02/06 23:00,0.0
03/03/06 00:00,0.0
03/03/06 01:00,0.0
03/03/06 02:00,0.0
03/03/06 03:00,0.0
03/03/06 04:00,0.0
03/03/06 05:00,0.0
03/03/06 06:00,18.0
03/03/06 07:00,33.8
03/03/06 08:00,11.3
03/03/06 09:00,16.3
03/03/06 10:00,27.9
03/03/06 11:00,28.3
03/03/06 12:00,11.9
03/03/06 13:00,15.9
03/03/06 14:00,4.8
03/03/06 15:00,21.0
03/03/06 16:00,8.5
03/03/06 17:00,0.0
03/03/06 18:00,0.0
03/03/06 19:00,0.0
03/03/06 20:00,0.0
03/03/06 21:00,0.0
03/03/06 22:00,0.0
03/03/06 23:00,0.0
03/04/06 00:00,0.0
03/04/06 01:00,0.0
03/04/06 02:00,0.0
03/04/06 03:00,0.0
03/04/06 04:00,0.0
03/04/06 05:00,0.0
03/04/06 06:00,14.9
03/04/06 07:00,31.8
03/04/06 08:00,31.8
03/04/06 09:00,38.4
03/04/06 10:00,39.7
03/04/06 11:00,37.8
03/04/06 12:00,37.2
03/04/06 13:00,38.2
03/04/06 14:00,40.8
03/04/06 15:00,31.8
03/04/06 16:00,14.0
03/04/06 17:00,0.0
03/04/06 18:00,0.0
03/04/06 19:00,0.0
03/04/06 20:00,0.0
03/04/06 21:00,0.0
03/04/06 22:00,0.0
03/04/06 23:00,0.0
03/05/06 00:00,0.0
03/05/06 01:00,0.0
03/05/06 02:00,0.0
03/05/06 03:00,0.0
03/05/06 04:00,0.0
03/05/06 05:00,0.0
03/05/06 06:00,16.8
03/05/06 07:00,33.2
03/05/06 08:00,34.9
03/05/06 09:00,37.5
03/05/06 10:00,32.0
03/05/06 11:00,31.1
03/05/06 12:00,33.9
03/05/06 13:00,36.0
03/05/06 14:00,35.8
03/05/06 15:00,28.5
03/05/06 16:00,13.7
03/05/06 17:00,0.0
03/05/06 18:00,0.0
03/05/06 19:00,0.0
03/05/06 20:00,0.0
03/05/06 21:00,0.0
03/05/06 22:00,0.0
03/05/06 23:00,0.0
03/06/06 00:00,0.0
03/06/06 01:00,0.0
03/06/06 02:00,0.0
03/06/06 03:00,0.0
03/06/06 04:00,0.0
03/06/06 05:00,0.0
03/06/06 06:00,14.8
03/06/06 07:00,20.8
03/06/06 08:00,32.4
03/06/06 09:00,27.7
03/06/06 10:00,19.7
03/06/06 11:00,17.2
03/06/06 12:00,22.7
03/06/06 13:00,27.5
03/06/06 14:00,32.8
03/06/06 15:00,24.5
03/06/06 16:00,8.6
03/06/06 17:00,0.0
03/06/06 18:00,0.0
03/06/06 19:00,0.0
03/06/06 20:00,0.0
03/06/06 21:00,0.0
03/06/06 22:00,0.0
03/06/06 23:00,0.0
03/07/06 00:00,0.0
03/07/06 01:00,0.0
03/07/06 02:00,0.0
03/07/06 03:00,0.0
03/07/06 04:00,0.0
03/07/06 05:00,0.0
03/07/06 06:00,17.0
03/07/06 07:00,28.7
03/07/06 08:00,38.6
03/07/06 09:00,36.1
03/07/06 10:00,37.3
03/07/06 11:00,36.2
03/07/06 12:00,35.1
03/07/06 13:00,35.3
03/07/06 14:00,40.9
03/07/06 15:00,33.5
03/07/06 16:00,13.8
03/07/06 17:00,0.0
03/07/06 18:00,0.0
03/07/06 19:00,0.0
03/07/06 20:00,0.0
03/07/06 21:00,0.0
03/07/06 22:00,0.0
03/07/06 23:00,0.0
03/08/06 00:00,0.0
03/08/06 01:00,0.0
03/08/06 02:00,0.0
03/08/06 03:00,0.0
03/08/06 04:00,0.0
03/08/06 05:00,0.0
03/08/06 06:00,18.4
03/08/06 07:00,35.3
03/08/06 08:00,33.2
03/08/06 09:00,39.6
03/08/06 10:00,39.3
03/08/06 11:00,38.3
03/08/06 12:00,38.6
03/08/06 13:00,40.2
03/08/06 14:00,40.4
03/08/06 15:00,33.1
03/08/06 16:00,19.1
03/08/06 17:00,0.0
03/08/06 18:00,0.0
03/08/06 19:00,0.0
03/08/06 20:00,0.0
03/08/06 21:00,0.0
03/08/06 22:00,0.0
03/08/06 23:00,0.0
03/09/06 00:00,0.0
03/09/06 01:00,0.0
03/09/06 02:00,0.0
03/09/06 03:00,0.0
03/09/06 04:00,0.0
03/09/06 05:00,0.0
03/09/06 06:00,20.0
03/09/06 07:00,34.7
03/09/06 08:00,12.0
03/09/06 09:00,12.3
03/09/06 10:00,20.3
03/09/06 11:00,14.9
03/09/06 12:00,20.4
03/09/06 13:00,37.8
03/09/06 14:00,36.8
03/09/06 15:00,31.3
03/09/06 16:00,13.1
03/09/06 17:00,0.0
03/09/06 18:00,0.0
03/09/06 19:00,0.0
03/09/06 20:00,0.0
03/09/06 21:00,0.0
03/09/06 22:00,0.0
03/09/06 23:00,0.0
03/10/06 00:00,0.0
03/10/06 01:00,0.0
03/10/06 02:00,0.0
03/10/06 03:00,0.0
03/10/06 04:00,0.0
03/10/06 05:00,0.0
03/10/06 06:00,21.3
03/10/06 07:00,35.1
03/10/06 08:00,39.8
03/10/06 09:00,43.7
03/10/06 10:00,41.3
03/10/06 11:00,34.4
03/10/06 12:00,21.3
03/10/06 13:00,28.9
03/10/06 14:00,22.7
03/10/06 15:00,22.4
03/10/06 16:00,11.1
03/10/06 17:00,0.0
03/10/06 18:00,0.0
03/10/06 19:00,0.0
03/10/06 20:00,0.0
03/10/06 21:00,0.0
03/10/06 22:00,0.0
03/10/06 23:00,0.0
03/11/06 00:00,0.0
03/11/06 01:00,0.0
03/11/06 02:00,0.0
03/11/06 03:00,0.0
03/11/06 04:00,0.0
03/11/06 05:00,0.0
03/11/06 06:00,0.0
03/11/06 07:00,0.0
03/11/06 08:00,15.8
03/11/06 09:00,9.6
03/11/06 10:00,18.5
03/11/06 11:00,21.6
03/11/06 12:00,27.4
03/11/06 13:00,23.1
03/11/06 14:00,18.5
03/11/06 15:00,20.4
03/11/06 16:00,4.7
03/11/06 17:00,0.0
03/11/06 18:00,0.0
03/11/06 19:00,0.0
03/11/06 20:00,0.0
03/11/06 21:00,0.0
03/11/06 22:00,0.0
03/11/06 23:00,0.0
03/12/06 00:00,0.0
03/12/06 01:00,0.0
03/12/06 02:00,0.0
03/12/06 03:00,0.0
03/12/06 04:00,0.0
03/12/06 05:00,0.0
03/12/06 06:00,19.6
03/12/06 07:00,35.4
03/12/06 08:00,39.7
03/12/06 09:00,23.0
03/12/06 10:00,29.1
03/12/06 11:00,32.0
03/12/06 12:00,39.0
03/12/06 13:00,34.0
03/12/06 14:00,29.5
03/12/06 15:00,27.0
03/12/06 16:00,11.1
03/12/06 17:00,0.0
03/12/06 18:00,0.0
03/12/06 19:00,0.0
03/12/06 20:00,0.0
03/12/06 21:00,0.0
03/12/06 22:00,0.0
03/12/06 23:00,0.0
03/13/06 00:00,0.0
03/13/06 01:00,0.0
03/13/06 02:00,0.0
03/13/06 03:00,0.0
03/13/06 04:00,0.0
03/13/06 05:00,0.0
03/13/06 06:00,22.5
03/13/06 07:00,35.7
03/13/06 08:00,30.9
03/13/06 09:00,40.5
03/13/06 10:00,41.6
03/13/06 11:00,41.7
03/13/06 12:00,40.8
03/13/06 13:00,40.4
03/13/06 14:00,40.3
03/13/06 15:00,32.7
03/13/06 16:00,20.5
03/13/06 17:00,0.0
03/13/06 18:00,0.0
03/13/06 19:00,0.0
03/13/06 20:00,0.0
03/13/06 21:00,0.0
03/13/06 22:00,0.0
03/13/06 23:00,0.0
03/14/06 00:00,0.0
03/14/06 01:00,0.0
03/14/06 02:00,0.0
03/14/06 03:00,0.0
03/14/06 04:00,0.0
03/14/06 05:00,0.0
03/14/06 06:00,22.6
03/14/06 07:00,34.7
03/14/06 08:00,32.5
03/14/06 09:00,38.2
03/14/06 10:00,37.5
03/14/06 11:00,37.4
03/14/06 12:00,39.7
03/14/06 13:00,41.3
03/14/06 14:00,25.4
03/14/06 15:00,34.9
03/14/06 16:00,18.1
03/14/06 17:00,0.0
03/14/06 18:00,0.0
03/14/06 19:00,0.0
03/14/06 20:00,0.0
03/14/06 21:00,0.0
03/14/06 22:00,0.0
03/14/06 23:00,0.0
03/15/06 00:00,0.0
03/15/06 01:00,0.0
03/15/06 02:00,0.0
03/15/06 03:00,0.0
03/15/06 04:00,0.0
03/15/06 05:00,0.0
03/15/06 06:00,24.1
03/15/06 07:00,35.7
03/15/06 08:00,31.3
03/15/06 09:00,37.9
03/15/06 10:00,37.9
03/15/06 11:00,40.0
03/15/06 12:00,37.6
03/15/06 13:00,38.3
03/15/06 14:00,40.4
03/15/06 15:00,34.4
03/15/06 16:00,21.3
03/15/06 17:00,0.0
03/15/06 18:00,0.0
03/15/06 19:00,0.0
03/15/06 20:00,0.0
03/15/06 21:00,0.0
03/15/06 22:00,0.0
03/15/06 23:00,0.0
03/16/06 00:00,0.0
03/16/06 01:00,0.0
03/16/06 02:00,0.0
03/16/06 03:00,0.0
03/16/06 04:00,0.0
03/16/06 05:00,0.0
03/16/06 06:00,23.6
03/16/06 07:00,34.6
03/16/06 08:00,40.4
03/16/06 09:00,29.5
03/16/06 10:00,20.9
03/16/06 11:00,32.6
03/16/06 12:00,36.4
03/16/06 13:00,39.7
03/16/06 14:00,38.4
03/16/06 15:00,34.7
03/16/06 16:00,21.6
03/16/06 17:00,0.0
03/16/06 18:00,0.0
03/16/06 19:00,0.0
03/16/06 20:00,0.0
03/16/06 21:00,0.0
03/16/06 22:00,0.0
03/16/06 23:00,0.0
03/17/06 00:00,0.0
03/17/06 01:00,0.0
03/17/06 02:00,0.0
03/17/06 03:00,0.0
03/17/06 04:00,0.0
03/17/06 05:00,0.0
03/17/06 06:00,24.5
03/17/06 07:00,34.7
03/17/06 08:00,39.8
03/17/06 09:00,41.6
03/17/06 10:00,34.1
03/17/06 11:00,36.7
03/17/06 12:00,40.2
03/17/06 13:00,36.9
03/17/06 14:00,26.5
03/17/06 15:00,26.9
03/17/06 16:00,5.4
03/17/06 17:00,0.0
03/17/06 18:00,0.0
03/17/06 19:00,0.0
03/17/06 20:00,0.0
03/17/06 21:00,0.0
03/17/06 22:00,0.0
03/17/06 23:00,0.0
03/18/06 00:00,0.0
03/18/06 01:00,0.0
03/18/06 02:00,0.0
03/18/06 03:00,0.0
03/18/06 04:00,0.0
03/18/06 05:00,0.0
03/18/06 06:00,24.9
03/18/06 07:00,35.9
03/18/06 08:00,35.7
03/18/06 09:00,42.9
03/18/06 10:00,42.0
03/18/06 11:00,41.0
03/18/06 12:00,40.8
03/18/06 13:00,42.2
03/18/06 14:00,40.5
03/18/06 15:00,27.4
03/18/06 16:00,16.8
03/18/06 17:00,0.0
03/18/06 18:00,0.0
03/18/06 19:00,0.0
03/18/06 20:00,0.0
03/18/06 21:00,0.0
03/18/06 22:00,0.0
03/18/06 23:00,0.0
03/19/06 00:00,0.0
03/19/06 01:00,0.0
03/19/06 02:00,0.0
03/19/06 03:00,0.0
03/19/06 04:00,0.0
03/19/06 05:00,0.0
03/19/06 06:00,17.9
03/19/06 07:00,14.9
03/19/06 08:00,27.5
03/19/06 09:00,34.1
03/19/06 10:00,42.4
03/19/06 11:00,42.9
03/19/06 12:00,35.3
03/19/06 13:00,18.6
03/19/06 14:00,27.9
03/19/06 15:00,26.4
03/19/06 16:00,18.2
03/19/06 17:00,0.0
03/19/06 18:00,0.0
03/19/06 19:00,0.0
03/19/06 20:00,0.0
03/19/06 21:00,0.0
03/19/06 22:00,0.0
03/19/06 23:00,0.0
03/20/06 00:00,0.0
03/20/06 01:00,0.0
03/20/06 02:00,0.0
03/20/06 03:00,0.0
03/20/06 04:00,0.0
03/20/06 05:00,0.0
03/20/06 06:00,25.2
03/20/06 07:00,36.5
03/20/06 08:00,36.9
03/20/06 09:00,43.7
03/20/06 10:00,41.8
03/20/06 11:00,42.3
03/20/06 12:00,42.1
03/20/06 13:00,43.5
03/20/06 14:00,33.2
03/20/06 15:00,22.7
03/20/06 16:00,14.1
03/20/06 17:00,0.0
03/20/06 18:00,0.0
03/20/06 19:00,0.0
03/20/06 20:00,0.0
03/20/06 21:00,0.0
03/20/06 22:00,0.0
03/20/06 23:00,0.0
03/21/06 00:00,0.0
03/21/06 01:00,0.0
03/21/06 02:00,0.0
03/21/06 03:00,0.0
03/21/06 04:00,0.0
03/21/06 05:00,0.0
03/21/06 06:00,25.2
03/21/06 07:00,37.1
03/21/06 08:00,35.7
03/21/06 09:00,44.1
03/21/06 10:00,44.3
03/21/06 11:00,42.6
03/21/06 12:00,40.2
03/21/06 13:00,37.6
03/21/06 14:00,38.8
03/21/06 15:00,33.5
03/21/06 16:00,24.6
03/21/06 17:00,0.2
03/21/06 18:00,0.0
03/21/06 19:00,0.0
03/21/06 20:00,0.0
03/21/06 21:00,0.0
03/21/06 22:00,0.0
03/21/06 23:00,0.0
03/22/06 00:00,0.0
03/22/06 01:00,0.0
03/22/06 02:00,0.0
03/22/06 03:00,0.0
03/22/06 04:00,0.0
03/22/06 05:00,0.0
03/22/06 06:00,25.7
03/22/06 07:00,35.3
03/22/06 08:00,32.0
03/22/06 09:00,38.2
03/22/06 10:00,40.5
03/22/06 11:00,40.9
03/22/06 12:00,38.2
03/22/06 13:00,38.5
03/22/06 14:00,41.1
03/22/06 15:00,34.7
03/22/06 16:00,23.9
03/22/06 17:00,0.3
03/22/06 18:00,0.0
03/22/06 19:00,0.0
03/22/06 20:00,0.0
03/22/06 21:00,0.0
03/22/06 22:00,0.0
03/22/06 23:00,0.0
03/23/06 00:00,0.0
03/23/06 01:00,0.0
03/23/06 02:00,0.0
03/23/06 03:00,0.0
03/23/06 04:00,0.0
03/23/06 05:00,0.0
03/23/06 06:00,0.0
03/23/06 07:00,33.3
03/23/06 08:00,40.4
03/23/06 09:00,1.0
03/23/06 10:00,36.0
03/23/06 11:00,37.8
03/23/06 12:00,39.1
03/23/06 13:00,38.7
03/23/06 14:00,35.7
03/23/06 15:00,30.5
03/23/06 16:00,20.4
03/23/06 17:00,0.3
03/23/06 18:00,0.0
03/23/06 19:00,0.0
03/23/06 20:00,0.0
03/23/06 21:00,0.0
03/23/06 22:00,0.0
03/23/06 23:00,0.0
03/24/06 00:00,0.0
03/24/06 01:00,0.0
03/24/06 02:00,0.0
03/24/06 03:00,0.0
03/24/06 04:00,0.0
03/24/06 05:00,0.0
03/24/06 06:00,0.0
03/24/06 07:00,34.2
03/24/06 08:00,37.2
03/24/06 09:00,16.5
03/24/06 10:00,33.3
03/24/06 11:00,36.1
03/24/06 12:00,37.4
03/24/06 13:00,39.2
03/24/06 14:00,39.2
03/24/06 15:00,33.4
03/24/06 16:00,20.4
03/24/06 17:00,0.0
03/24/06 18:00,0.0
03/24/06 19:00,0.0
03/24/06 20:00,0.0
03/24/06 21:00,0.0
03/24/06 22:00,0.0
03/24/06 23:00,0.0
03/25/06 00:00,0.0
03/25/06 01:00,0.0
03/25/06 02:00,0.0
03/25/06 03:00,0.0
03/25/06 04:00,0.0
03/25/06 05:00,0.0
03/25/06 06:00,22.0
03/25/06 07:00,27.8
03/25/06 08:00,23.0
03/25/06 09:00,26.2
03/25/06 10:00,26.6
03/25/06 11:00,29.1
03/25/06 12:00,35.6
03/25/06 13:00,34.6
03/25/06 14:00,33.5
03/25/06 15:00,13.2
03/25/06 16:00,8.5
03/25/06 17:00,0.0
03/25/06 18:00,0.0
03/25/06 19:00,0.0
03/25/06 20:00,0.0
03/25/06 21:00,0.0
03/25/06 22:00,0.0
03/25/06 23:00,0.0
03/26/06 00:00,0.0
03/26/06 01:00,0.0
03/26/06 02:00,0.0
03/26/06 03:00,0.0
03/26/06 04:00,0.0
03/26/06 05:00,0.0
03/26/06 06:00,26.1
03/26/06 07:00,35.1
03/26/06 08:00,37.9
03/26/06 09:00,29.9
03/26/06 10:00,36.6
03/26/06 11:00,41.1
03/26/06 12:00,41.4
03/26/06 13:00,39.7
03/26/06 14:00,28.6
03/26/06 15:00,27.9
03/26/06 16:00,18.8
03/26/06 17:00,0.1
03/26/06 18:00,0.0
03/26/06 19:00,0.0
03/26/06 20:00,0.0
03/26/06 21:00,0.0
03/26/06 22:00,0.0
03/26/06 23:00,0.0
03/27/06 00:00,0.0
03/27/06 01:00,0.0
03/27/06 02:00,0.0
03/27/06 03:00,0.0
03/27/06 04:00,0.0
03/27/06 05:00,0.0
03/27/06 06:00,9.6
03/27/06 07:00,8.0
03/27/06 08:00,11.4
03/27/06 09:00,6.2
03/27/06 10:00,21.6
03/27/06 11:00,21.9
03/27/06 12:00,31.7
03/27/06 13:00,33.1
03/27/06 14:00,37.1
03/27/06 15:00,21.9
03/27/06 16:00,14.5
03/27/06 17:00,0.1
03/27/06 18:00,0.0
03/27/06 19:00,0.0
03/27/06 20:00,0.0
03/27/06 21:00,0.0
03/27/06 22:00,0.0
03/27/06 23:00,0.0
03/28/06 00:00,0.0
03/28/06 01:00,0.0
03/28/06 02:00,0.0
03/28/06 03:00,0.0
03/28/06 04:00,0.0
03/28/06 05:00,0.0
03/28/06 06:00,12.6
03/28/06 07:00,9.4
03/28/06 08:00,36.7
03/28/06 09:00,27.1
03/28/06 10:00,20.4
03/28/06 11:00,21.2
03/28/06 12:00,20.3
03/28/06 13:00,22.7
03/28/06 14:00,6.0
03/28/06 15:00,12.2
03/28/06 16:00,6.5
03/28/06 17:00,0.0
03/28/06 18:00,0.0
03/28/06 19:00,0.0
03/28/06 20:00,0.0
03/28/06 21:00,0.0
03/28/06 22:00,0.0
03/28/06 23:00,0.0
03/29/06 00:00,0.0
03/29/06 01:00,0.0
03/29/06 02:00,0.0
03/29/06 03:00,0.0
03/29/06 04:00,0.0
03/29/06 05:00,0.0
03/29/06 06:00,28.9
03/29/06 07:00,39.0
03/29/06 08:00,40.4
03/29/06 09:00,42.9
03/29/06 10:00,43.4
03/29/06 11:00,43.8
03/29/06 12:00,44.3
03/29/06 13:00,42.5
03/29/06 14:00,41.6
03/29/06 15:00,36.1
03/29/06 16:00,24.4
03/29/06 17:00,0.6
03/29/06 18:00,0.0
03/29/06 19:00,0.0
03/29/06 20:00,0.0
03/29/06 21:00,0.0
03/29/06 22:00,0.0
03/29/06 23:00,0.0
03/30/06 00:00,0.0
03/30/06 01:00,0.0
03/30/06 02:00,0.0
03/30/06 03:00,0.0
03/30/06 04:00,0.0
03/30/06 05:00,0.0
03/30/06 06:00,26.5
03/30/06 07:00,33.9
03/30/06 08:00,30.3
03/30/06 09:00,19.1
03/30/06 10:00,27.3
03/30/06 11:00,36.3
03/30/06 12:00,40.4
03/30/06 13:00,41.0
03/30/06 14:00,42.5
03/30/06 15:00,36.6
03/30/06 16:00,22.1
03/30/06 17:00,0.0
03/30/06 18:00,0.0
03/30/06 19:00,0.0
03/30/06 20:00,0.0
03/30/06 21:00,0.0
03/30/06 22:00,0.0
03/30/06 23:00,0.0
03/31/06 00:00,0.0
03/31/06 01:00,0.0
03/31/06 02:00,0.0
03/31/06 03:00,0.0
03/31/06 04:00,0.0
03/31/06 05:00,0.0
03/31/06 06:00,0.0
03/31/06 07:00,10.5
03/31/06 08:00,7.2
03/31/06 09:00,3.6
03/31/06 10:00,8.9
03/31/06 11:00,8.4
03/31/06 12:00,8.1
03/31/06 13:00,29.0
03/31/06 14:00,34.1
03/31/06 15:00,25.6
03/31/06 16:00,21.1
03/31/06 17:00,0.0
03/31/06 18:00,0.0
03/31/06 19:00,0.0
03/31/06 20:00,0.0
03/31/06 21:00,0.0
03/31/06 22:00,0.0
03/31/06 23:00,0.0
04/01/06 00:00,0.0
04/01/06 01:00,0.0
04/01/06 02:00,0.0
04/01/06 03:00,0.0
04/01/06 04:00,0.0
04/01/06 05:00,0.0
04/01/06 06:00,26.8
04/01/06 07:00,28.9
04/01/06 08:00,32.5
04/01/06 09:00,26.2
04/01/06 10:00,6.0
04/01/06 11:00,13.0
04/01/06 12:00,32.0
04/01/06 13:00,31.0
04/01/06 14:00,33.4
04/01/06 15:00,22.6
04/01/06 16:00,20.2
04/01/06 17:00,0.2
04/01/06 18:00,0.0
04/01/06 19:00,0.0
04/01/06 20:00,0.0
04/01/06 21:00,0.0
04/01/06 22:00,0.0
04/01/06 23:00,0.0
04/02/06 00:00,0.0
04/02/06 01:00,0.0
04/02/06 02:00,0.0
04/02/06 03:00,0.0
04/02/06 04:00,0.0
04/02/06 05:00,0.0
04/02/06 06:00,27.7
04/02/06 07:00,36.1
04/02/06 08:00,36.3
04/02/06 09:00,38.8
04/02/06 10:00,37.3
04/02/06 11:00,35.7
04/02/06 12:00,35.8
04/02/06 13:00,35.5
04/02/06 14:00,39.8
04/02/06 15:00,33.3
04/02/06 16:00,19.7
04/02/06 17:00,0.0
04/02/06 18:00,0.0
04/02/06 19:00,0.0
04/02/06 20:00,0.0
04/02/06 21:00,0.0
04/02/06 22:00,0.0
04/02/06 23:00,0.0
04/03/06 00:00,0.0
04/03/06 01:00,0.0
04/03/06 02:00,0.0
04/03/06 03:00,0.0
04/03/06 04:00,0.0
04/03/06 05:00,0.0
04/03/06 06:00,0.1
04/03/06 07:00,2.6
04/03/06 08:00,12.8
04/03/06 09:00,24.3
04/03/06 10:00,18.6
04/03/06 11:00,24.1
04/03/06 12:00,18.8
04/03/06 13:00,26.5
04/03/06 14:00,12.1
04/03/06 15:00,16.3
04/03/06 16:00,3.5
04/03/06 17:00,0.0
04/03/06 18:00,0.0
04/03/06 19:00,0.0
04/03/06 20:00,0.0
04/03/06 21:00,0.0
04/03/06 22:00,0.0
04/03/06 23:00,0.0
04/04/06 00:00,0.0
04/04/06 01:00,0.0
04/04/06 02:00,0.0
04/04/06 03:00,0.0
04/04/06 04:00,0.0
04/04/06 05:00,0.0
04/04/06 06:00,5.5
04/04/06 07:00,27.4
04/04/06 08:00,8.9
04/04/06 09:00,27.3
04/04/06 10:00,28.5
04/04/06 11:00,35.0
04/04/06 12:00,36.0
04/04/06 13:00,34.3
04/04/06 14:00,22.7
04/04/06 15:00,27.5
04/04/06 16:00,18.8
04/04/06 17:00,0.0
04/04/06 18:00,0.0
04/04/06 19:00,0.0
04/04/06 20:00,0.0
04/04/06 21:00,0.0
04/04/06 22:00,0.0
04/04/06 23:00,0.0
04/05/06 00:00,0.0
04/05/06 01:00,0.0
04/05/06 02:00,0.0
04/05/06 03:00,0.0
04/05/06 04:00,0.0
04/05/06 05:00,0.0
04/05/06 06:00,29.3
04/05/06 07:00,38.9
04/05/06 08:00,40.2
04/05/06 09:00,25.2
04/05/06 10:00,22.0
04/05/06 11:00,41.3
04/05/06 12:00,18.6
04/05/06 13:00,27.1
04/05/06 14:00,19.3
04/05/06 15:00,22.0
04/05/06 16:00,20.8
04/05/06 17:00,0.1
04/05/06 18:00,0.0
04/05/06 19:00,0.0
04/05/06 20:00,0.0
04/05/06 21:00,0.0
04/05/06 22:00,0.0
04/05/06 23:00,0.0
04/06/06 00:00,0.0
04/06/06 01:00,0.0
04/06/06 02:00,0.0
04/06/06 03:00,0.0
04/06/06 04:00,0.0
04/06/06 05:00,0.0
04/06/06 06:00,28.6
04/06/06 07:00,35.7
04/06/06 08:00,39.5
04/06/06 09:00,39.8
04/06/06 10:00,38.5
04/06/06 11:00,38.1
04/06/06 12:00,37.5
04/06/06 13:00,38.0
04/06/06 14:00,41.3
04/06/06 15:00,35.2
04/06/06 16:00,26.5
04/06/06 17:00,2.1
04/06/06 18:00,0.0
04/06/06 19:00,0.0
04/06/06 20:00,0.0
04/06/06 21:00,0.0
04/06/06 22:00,0.0
04/06/06 23:00,0.0
04/07/06 00:00,0.0
04/07/06 01:00,0.0
04/07/06 02:00,0.0
04/07/06 03:00,0.0
04/07/06 04:00,0.0
04/07/06 05:00,0.0
04/07/06 06:00,28.7
04/07/06 07:00,35.3
04/07/06 08:00,34.3
04/07/06 09:00,38.9
04/07/06 10:00,40.3
04/07/06 11:00,39.9
04/07/06 12:00,40.8
04/07/06 13:00,42.2
04/07/06 14:00,39.6
04/07/06 15:00,38.9
04/07/06 16:00,29.6
04/07/06 17:00,3.2
04/07/06 18:00,0.0
04/07/06 19:00,0.0
04/07/06 20:00,0.0
04/07/06 21:00,0.0
04/07/06 22:00,0.0
04/07/06 23:00,0.0
04/08/06 00:00,0.0
04/08/06 01:00,0.0
04/08/06 02:00,0.0
04/08/06 03:00,0.0
04/08/06 04:00,0.0
04/08/06 05:00,0.0
04/08/06 06:00,28.1
04/08/06 07:00,37.1
04/08/06 08:00,35.6
04/08/06 09:00,39.1
04/08/06 10:00,39.0
04/08/06 11:00,39.1
04/08/06 12:00,35.9
04/08/06 13:00,36.1
04/08/06 14:00,38.9
04/08/06 15:00,36.5
04/08/06 16:00,26.5
04/08/06 17:00,0.7
04/08/06 18:00,0.0
04/08/06 19:00,0.0
04/08/06 20:00,0.0
04/08/06 21:00,0.0
04/08/06 22:00,0.0
04/08/06 23:00,0.0
04/09/06 00:00,0.0
04/09/06 01:00,0.0
04/09/06 02:00,0.0
04/09/06 03:00,0.0
04/09/06 04:00,0.0
04/09/06 05:00,0.0
04/09/06 06:00,29.0
04/09/06 07:00,37.9
04/09/06 08:00,40.9
04/09/06 09:00,42.9
04/09/06 10:00,43.5
04/09/06 11:00,41.5
04/09/06 12:00,43.6
04/09/06 13:00,43.6
04/09/06 14:00,40.3
04/09/06 15:00,37.8
04/09/06 16:00,25.8
04/09/06 17:00,0.6
04/09/06 18:00,0.0
04/09/06 19:00,0.0
04/09/06 20:00,0.0
04/09/06 21:00,0.0
04/09/06 22:00,0.0
04/09/06 23:00,0.0
04/10/06 00:00,0.0
04/10/06 01:00,0.0
04/10/06 02:00,0.0
04/10/06 03:00,0.0
04/10/06 04:00,0.0
04/10/06 05:00,0.0
04/10/06 06:00,0.0
04/10/06 07:00,37.7
04/10/06 08:00,42.2
04/10/06 09:00,39.8
04/10/06 10:00,38.4
04/10/06 11:00,33.6
04/10/06 12:00,35.2
04/10/06 13:00,25.9
04/10/06 14:00,15.1
04/10/06 15:00,15.4
04/10/06 16:00,14.2
04/10/06 17:00,0.4
04/10/06 18:00,0.0
04/10/06 19:00,0.0
04/10/06 20:00,0.0
04/10/06 21:00,0.0
04/10/06 22:00,0.0
04/10/06 23:00,0.0
04/11/06 00:00,0.0
04/11/06 01:00,0.0
04/11/06 02:00,0.0
04/11/06 03:00,0.0
04/11/06 04:00,0.0
04/11/06 05:00,6.5
04/11/06 06:00,21.4
04/11/06 07:00,6.9
04/11/06 08:00,31.5
04/11/06 09:00,40.1
04/11/06 10:00,34.6
04/11/06 11:00,29.3
04/11/06 12:00,9.3
04/11/06 13:00,16.2
04/11/06 14:00,10.4
04/11/06 15:00,9.9
04/11/06 16:00,7.2
04/11/06 17:00,1.8
04/11/06 18:00,0.0
04/11/06 19:00,0.0
04/11/06 20:00,0.0
04/11/06 21:00,0.0
04/11/06 22:00,0.0
04/11/06 23:00,0.0
04/12/06 00:00,0.0
04/12/06 01:00,0.0
04/12/06 02:00,0.0
04/12/06 03:00,0.0
04/12/06 04:00,0.0
04/12/06 05:00,11.2
04/12/06 06:00,28.9
04/12/06 07:00,32.1
04/12/06 08:00,37.3
04/12/06 09:00,40.8
04/12/06 10:00,38.6
04/12/06 11:00,40.7
04/12/06 12:00,39.5
04/12/06 13:00,37.5
04/12/06 14:00,36.0
04/12/06 15:00,35.1
04/12/06 16:00,28.0
04/12/06 17:00,5.1
04/12/06 18:00,0.0
04/12/06 19:00,0.0
04/12/06 20:00,0.0
04/12/06 21:00,0.0
04/12/06 22:00,0.0
04/12/06 23:00,0.0
04/13/06 00:00,0.0
04/13/06 01:00,0.0
04/13/06 02:00,0.0
04/13/06 03:00,0.0
04/13/06 04:00,0.0
04/13/06 05:00,11.5
04/13/06 06:00,27.5
04/13/06 07:00,34.0
04/13/06 08:00,35.6
04/13/06 09:00,37.9
04/13/06 10:00,36.7
04/13/06 11:00,37.2
04/13/06 12:00,39.2
04/13/06 13:00,40.0
04/13/06 14:00,40.6
04/13/06 15:00,36.6
04/13/06 16:00,26.9
04/13/06 17:00,5.0
04/13/06 18:00,0.0
04/13/06 19:00,0.0
04/13/06 20:00,0.0
04/13/06 21:00,0.0
04/13/06 22:00,0.0
04/13/06 23:00,0.0
04/14/06 00:00,0.0
04/14/06 01:00,0.0
04/14/06 02:00,0.0
04/14/06 03:00,0.0
04/14/06 04:00,0.0
04/14/06 05:00,10.9
04/14/06 06:00,26.6
04/14/06 07:00,23.2
04/14/06 08:00,33.5
04/14/06 09:00,8.5
04/14/06 10:00,14.0
04/14/06 11:00,25.1
04/14/06 12:00,11.7
04/14/06 13:00,6.7
04/14/06 14:00,9.7
04/14/06 15:00,13.0
04/14/06 16:00,6.2
04/14/06 17:00,0.6
04/14/06 18:00,0.0
04/14/06 19:00,0.0
04/14/06 20:00,0.0
04/14/06 21:00,0.0
04/14/06 22:00,0.0
04/14/06 23:00,0.0
04/15/06 00:00,0.0
04/15/06 01:00,0.0
04/15/06 02:00,0.0
04/15/06 03:00,0.0
04/15/06 04:00,0.0
04/15/06 05:00,10.8
04/15/06 06:00,29.2
04/15/06 07:00,35.8
04/15/06 08:00,41.3
04/15/06 09:00,42.4
04/15/06 10:00,43.3
04/15/06 11:00,42.9
04/15/06 12:00,43.4
04/15/06 13:00,42.3
04/15/06 14:00,41.6
04/15/06 15:00,35.0
04/15/06 16:00,26.3
04/15/06 17:00,5.7
04/15/06 18:00,0.0
04/15/06 19:00,0.0
04/15/06 20:00,0.0
04/15/06 21:00,0.0
04/15/06 22:00,0.0
04/15/06 23:00,0.0
04/16/06 00:00,0.0
04/16/06 01:00,0.0
04/16/06 02:00,0.0
04/16/06 03:00,0.0
04/16/06 04:00,0.0
04/16/06 05:00,12.9
04/16/06 06:00,30.5
04/16/06 07:00,36.7
04/16/06 08:00,41.2
04/16/06 09:00,43.7
04/16/06 10:00,44.3
04/16/06 11:00,42.6
04/16/06 12:00,40.9
04/16/06 13:00,41.5
04/16/06 14:00,40.9
04/16/06 15:00,37.5
04/16/06 16:00,28.2
04/16/06 17:00,5.7
04/16/06 18:00,0.0
04/16/06 19:00,0.0
04/16/06 20:00,0.0
04/16/06 21:00,0.0
04/16/06 22:00,0.0
04/16/06 23:00,0.0
04/17/06 00:00,0.0
04/17/06 01:00,0.0
04/17/06 02:00,0.0
04/17/06 03:00,0.0
04/17/06 04:00,0.0
04/17/06 05:00,12.4
04/17/06 06:00,29.3
04/17/06 07:00,29.5
04/17/06 08:00,38.7
04/17/06 09:00,39.9
04/17/06 10:00,40.2
04/17/06 11:00,39.5
04/17/06 12:00,39.8
04/17/06 13:00,41.7
04/17/06 14:00,40.0
04/17/06 15:00,36.9
04/17/06 16:00,24.9
04/17/06 17:00,1.9
04/17/06 18:00,0.0
04/17/06 19:00,0.0
04/17/06 20:00,0.0
04/17/06 21:00,0.0
04/17/06 22:00,0.0
04/17/06 23:00,0.0
04/18/06 00:00,0.0
04/18/06 01:00,0.0
04/18/06 02:00,0.0
04/18/06 03:00,0.0
04/18/06 04:00,0.0
04/18/06 05:00,13.6
04/18/06 06:00,30.6
04/18/06 07:00,35.1
04/18/06 08:00,38.6
04/18/06 09:00,40.7
04/18/06 10:00,38.5
04/18/06 11:00,40.1
04/18/06 12:00,39.9
04/18/06 13:00,41.2
04/18/06 14:00,40.0
04/18/06 15:00,33.2
04/18/06 16:00,24.8
04/18/06 17:00,4.9
04/18/06 18:00,0.0
04/18/06 19:00,0.0
04/18/06 20:00,0.0
04/18/06 21:00,0.0
04/18/06 22:00,0.0
04/18/06 23:00,0.0
04/19/06 00:00,0.0
04/19/06 01:00,0.0
04/19/06 02:00,0.0
04/19/06 03:00,0.0
04/19/06 04:00,0.0
04/19/06 05:00,13.7
04/19/06 06:00,28.4
04/19/06 07:00,33.1
04/19/06 08:00,33.9
04/19/06 09:00,39.2
04/19/06 10:00,40.4
04/19/06 11:00,39.1
04/19/06 12:00,37.9
04/19/06 13:00,36.2
04/19/06 14:00,37.7
04/19/06 15:00,33.8
04/19/06 16:00,26.3
04/19/06 17:00,5.8
04/19/06 18:00,0.0
04/19/06 19:00,0.0
04/19/06 20:00,0.0
04/19/06 21:00,0.0
04/19/06 22:00,0.0
04/19/06 23:00,0.0
04/20/06 00:00,0.0
04/20/06 01:00,0.0
04/20/06 02:00,0.0
04/20/06 03:00,0.0
04/20/06 04:00,0.0
04/20/06 05:00,14.2
04/20/06 06:00,29.5
04/20/06 07:00,29.3
04/20/06 08:00,35.8
04/20/06 09:00,38.3
04/20/06 10:00,38.3
04/20/06 11:00,35.3
04/20/06 12:00,33.7
04/20/06 13:00,37.5
04/20/06 14:00,36.6
04/20/06 15:00,35.6
04/20/06 16:00,27.2
04/20/06 17:00,4.1
04/20/06 18:00,0.0
04/20/06 19:00,0.0
04/20/06 20:00,0.0
04/20/06 21:00,0.0
04/20/06 22:00,0.0
04/20/06 23:00,0.0
04/21/06 00:00,0.0
04/21/06 01:00,0.0
04/21/06 02:00,0.0
04/21/06 03:00,0.0
04/21/06 04:00,0.0
04/21/06 05:00,11.5
04/21/06 06:00,18.2
04/21/06 07:00,0.6
04/21/06 08:00,10.7
04/21/06 09:00,22.6
04/21/06 10:00,37.6
04/21/06 11:00,40.5
04/21/06 12:00,39.3
04/21/06 13:00,36.3
04/21/06 14:00,39.5
04/21/06 15:00,38.4
04/21/06 16:00,29.4
04/21/06 17:00,6.4
04/21/06 18:00,0.0
04/21/06 19:00,0.0
04/21/06 20:00,0.0
04/21/06 21:00,0.0
04/21/06 22:00,0.0
04/21/06 23:00,0.0
04/22/06 00:00,0.0
04/22/06 01:00,0.0
04/22/06 02:00,0.0
04/22/06 03:00,0.0
04/22/06 04:00,0.0
04/22/06 05:00,13.6
04/22/06 06:00,30.9
04/22/06 07:00,32.9
04/22/06 08:00,42.3
04/22/06 09:00,42.9
04/22/06 10:00,43.6
04/22/06 11:00,44.0
04/22/06 12:00,44.2
04/22/06 13:00,43.9
04/22/06 14:00,37.7
04/22/06 15:00,28.5
04/22/06 16:00,24.4
04/22/06 17:00,2.9
04/22/06 18:00,0.0
04/22/06 19:00,0.0
04/22/06 20:00,0.0
04/22/06 21:00,0.0
04/22/06 22:00,0.0
04/22/06 23:00,0.0
04/23/06 00:00,0.0
04/23/06 01:00,0.0
04/23/06 02:00,0.0
04/23/06 03:00,0.0
04/23/06 04:00,0.0
04/23/06 05:00,14.5
04/23/06 06:00,31.5
04/23/06 07:00,17.7
04/23/06 08:00,18.5
04/23/06 09:00,37.2
04/23/06 10:00,20.0
04/23/06 11:00,23.1
04/23/06 12:00,34.4
04/23/06 13:00,42.0
04/23/06 14:00,33.9
04/23/06 15:00,31.5
04/23/06 16:00,27.8
04/23/06 17:00,7.3
04/23/06 18:00,0.0
04/23/06 19:00,0.0
04/23/06 20:00,0.0
04/23/06 21:00,0.0
04/23/06 22:00,0.0
04/23/06 23:00,0.0
04/24/06 00:00,0.0
04/24/06 01:00,0.0
04/24/06 02:00,0.0
04/24/06 03:00,0.0
04/24/06 04:00,0.0
04/24/06 05:00,14.6
04/24/06 06:00,31.8
04/24/06 07:00,32.7
04/24/06 08:00,38.5
04/24/06 09:00,37.4
04/24/06 10:00,37.8
04/24/06 11:00,38.9
04/24/06 12:00,40.1
04/24/06 13:00,40.0
04/24/06 14:00,39.5
04/24/06 15:00,36.8
04/24/06 16:00,26.5
04/24/06 17:00,5.6
04/24/06 18:00,0.0
04/24/06 19:00,0.0
04/24/06 20:00,0.0
04/24/06 21:00,0.0
04/24/06 22:00,0.0
04/24/06 23:00,0.0
04/25/06 00:00,0.0
04/25/06 01:00,0.0
04/25/06 02:00,0.0
04/25/06 03:00,0.0
04/25/06 04:00,0.0
04/25/06 05:00,14.7
04/25/06 06:00,30.2
04/25/06 07:00,34.8
04/25/06 08:00,35.3
04/25/06 09:00,32.7
04/25/06 10:00,39.7
04/25/06 11:00,40.7
04/25/06 12:00,41.8
04/25/06 13:00,41.9
04/25/06 14:00,37.2
04/25/06 15:00,37.2
04/25/06 16:00,28.0
04/25/06 17:00,4.8
04/25/06 18:00,0.0
04/25/06 19:00,0.0
04/25/06 20:00,0.0
04/25/06 21:00,0.0
04/25/06 22:00,0.0
04/25/06 23:00,0.0
04/26/06 00:00,0.0
04/26/06 01:00,0.0
04/26/06 02:00,0.0
04/26/06 03:00,0.0
04/26/06 04:00,0.0
04/26/06 05:00,8.7
04/26/06 06:00,18.2
04/26/06 07:00,36.2
04/26/06 08:00,34.2
04/26/06 09:00,28.3
04/26/06 10:00,40.5
04/26/06 11:00,40.9
04/26/06 12:00,30.4
04/26/06 13:00,26.8
04/26/06 14:00,22.9
04/26/06 15:00,23.9
04/26/06 16:00,24.5
04/26/06 17:00,5.8
04/26/06 18:00,0.0
04/26/06 19:00,0.0
04/26/06 20:00,0.0
04/26/06 21:00,0.0
04/26/06 22:00,0.0
04/26/06 23:00,0.0
04/27/06 00:00,0.0
04/27/06 01:00,0.0
04/27/06 02:00,0.0
04/27/06 03:00,0.0
04/27/06 04:00,0.0
04/27/06 05:00,0.0
04/27/06 06:00,15.3
04/27/06 07:00,27.6
04/27/06 08:00,0.6
04/27/06 09:00,2.8
04/27/06 10:00,1.4
04/27/06 11:00,7.3
04/27/06 12:00,19.8
04/27/06 13:00,25.6
04/27/06 14:00,20.1
04/27/06 15:00,14.2
04/27/06 16:00,13.3
04/27/06 17:00,1.3
04/27/06 18:00,0.0
04/27/06 19:00,0.0
04/27/06 20:00,0.0
04/27/06 21:00,0.0
04/27/06 22:00,0.0
04/27/06 23:00,0.0
04/28/06 00:00,0.0
04/28/06 01:00,0.0
04/28/06 02:00,0.0
04/28/06 03:00,0.0
04/28/06 04:00,0.0
04/28/06 05:00,16.5
04/28/06 06:00,29.9
04/28/06 07:00,33.1
04/28/06 08:00,33.8
04/28/06 09:00,35.7
04/28/06 10:00,35.9
04/28/06 11:00,37.0
04/28/06 12:00,38.0
04/28/06 13:00,35.5
04/28/06 14:00,35.9
04/28/06 15:00,32.3
04/28/06 16:00,25.1
04/28/06 17:00,5.2
04/28/06 18:00,0.0
04/28/06 19:00,0.0
04/28/06 20:00,0.0
04/28/06 21:00,0.0
04/28/06 22:00,0.0
04/28/06 23:00,0.0
04/29/06 00:00,0.0
04/29/06 01:00,0.0
04/29/06 02:00,0.0
04/29/06 03:00,0.0
04/29/06 04:00,0.0
04/29/06 05:00,16.5
04/29/06 06:00,29.6
04/29/06 07:00,32.0
04/29/06 08:00,35.6
04/29/06 09:00,37.6
04/29/06 10:00,35.6
04/29/06 11:00,37.1
04/29/06 12:00,36.7
04/29/06 13:00,39.2
04/29/06 14:00,35.9
04/29/06 15:00,33.6
04/29/06 16:00,24.1
04/29/06 17:00,3.1
04/29/06 18:00,0.0
04/29/06 19:00,0.0
04/29/06 20:00,0.0
04/29/06 21:00,0.0
04/29/06 22:00,0.0
04/29/06 23:00,0.0
04/30/06 00:00,0.0
04/30/06 01:00,0.0
04/30/06 02:00,0.0
04/30/06 03:00,0.0
04/30/06 04:00,0.0
04/30/06 05:00,16.6
04/30/06 06:00,31.2
04/30/06 07:00,36.4
04/30/06 08:00,36.8
04/30/06 09:00,34.8
04/30/06 10:00,36.0
04/30/06 11:00,36.5
04/30/06 12:00,35.5
04/30/06 13:00,34.4
04/30/06 14:00,33.5
04/30/06 15:00,33.0
04/30/06 16:00,26.2
04/30/06 17:00,7.8
04/30/06 18:00,0.0
04/30/06 19:00,0.0
04/30/06 20:00,0.0
04/30/06 21:00,0.0
04/30/06 22:00,0.0
04/30/06 23:00,0.0
05/01/06 00:00,0.0
05/01/06 01:00,0.0
05/01/06 02:00,0.0
05/01/06 03:00,0.0
05/01/06 04:00,0.0
05/01/06 05:00,17.2
05/01/06 06:00,28.3
05/01/06 07:00,31.7
05/01/06 08:00,37.2
05/01/06 09:00,35.2
05/01/06 10:00,35.1
05/01/06 11:00,37.2
05/01/06 12:00,39.2
05/01/06 13:00,39.0
05/01/06 14:00,37.1
05/01/06 15:00,33.8
05/01/06 16:00,24.4
05/01/06 17:00,3.8
05/01/06 18:00,0.0
05/01/06 19:00,0.0
05/01/06 20:00,0.0
05/01/06 21:00,0.0
05/01/06 22:00,0.0
05/01/06 23:00,0.0
05/02/06 00:00,0.0
05/02/06 01:00,0.0
05/02/06 02:00,0.0
05/02/06 03:00,0.0
05/02/06 04:00,0.0
05/02/06 05:00,17.2
05/02/06 06:00,29.5
05/02/06 07:00,29.5
05/02/06 08:00,33.9
05/02/06 09:00,34.2
05/02/06 10:00,36.8
05/02/06 11:00,36.7
05/02/06 12:00,35.5
05/02/06 13:00,37.7
05/02/06 14:00,37.0
05/02/06 15:00,36.2
05/02/06 16:00,27.0
05/02/06 17:00,7.3
05/02/06 18:00,0.0
05/02/06 19:00,0.0
05/02/06 20:00,0.0
05/02/06 21:00,0.0
05/02/06 22:00,0.0
05/02/06 23:00,0.0
05/03/06 00:00,0.0
05/03/06 01:00,0.0
05/03/06 02:00,0.0
05/03/06 03:00,0.0
05/03/06 04:00,0.0
05/03/06 05:00,17.3
05/03/06 06:00,29.5
05/03/06 07:00,29.9
05/03/06 08:00,36.4
05/03/06 09:00,36.8
05/03/06 10:00,36.4
05/03/06 11:00,36.2
05/03/06 12:00,36.5
05/03/06 13:00,37.3
05/03/06 14:00,38.5
05/03/06 15:00,35.7
05/03/06 16:00,26.7
05/03/06 17:00,8.5
05/03/06 18:00,0.0
05/03/06 19:00,0.0
05/03/06 20:00,0.0
05/03/06 21:00,0.0
05/03/06 22:00,0.0
05/03/06 23:00,0.0
05/04/06 00:00,0.0
05/04/06 01:00,0.0
05/04/06 02:00,0.0
05/04/06 03:00,0.0
05/04/06 04:00,0.0
05/04/06 05:00,16.0
05/04/06 06:00,30.3
05/04/06 07:00,30.5
05/04/06 08:00,40.2
05/04/06 09:00,41.7
05/04/06 10:00,41.5
05/04/06 11:00,37.7
05/04/06 12:00,40.1
05/04/06 13:00,41.3
05/04/06 14:00,39.1
05/04/06 15:00,36.4
05/04/06 16:00,27.4
05/04/06 17:00,8.3
05/04/06 18:00,0.0
05/04/06 19:00,0.0
05/04/06 20:00,0.0
05/04/06 21:00,0.0
05/04/06 22:00,0.0
05/04/06 23:00,0.0
05/05/06 00:00,0.0
05/05/06 01:00,0.0
05/05/06 02:00,0.0
05/05/06 03:00,0.0
05/05/06 04:00,0.0
05/05/06 05:00,18.2
05/05/06 06:00,30.5
05/05/06 07:00,30.9
05/05/06 08:00,35.7
05/05/06 09:00,36.2
05/05/06 10:00,36.3
05/05/06 11:00,36.7
05/05/06 12:00,37.6
05/05/06 13:00,35.0
05/05/06 14:00,34.6
05/05/06 15:00,34.1
05/05/06 16:00,23.7
05/05/06 17:00,8.3
05/05/06 18:00,0.0
05/05/06 19:00,0.0
05/05/06 20:00,0.0
05/05/06 21:00,0.0
05/05/06 22:00,0.0
05/05/06 23:00,0.0
05/06/06 00:00,0.0
05/06/06 01:00,0.0
05/06/06 02:00,0.0
05/06/06 03:00,0.0
05/06/06 04:00,0.0
05/06/06 05:00,18.7
05/06/06 06:00,30.7
05/06/06 07:00,30.5
05/06/06 08:00,37.8
05/06/06 09:00,37.9
05/06/06 10:00,37.1
05/06/06 11:00,34.4
05/06/06 12:00,33.3
05/06/06 13:00,32.5
05/06/06 14:00,31.1
05/06/06 15:00,28.3
05/06/06 16:00,23.8
05/06/06 17:00,8.8
05/06/06 18:00,0.0
05/06/06 19:00,0.0
05/06/06 20:00,0.0
05/06/06 21:00,0.0
05/06/06 22:00,0.0
05/06/06 23:00,0.0
05/07/06 00:00,0.0
05/07/06 01:00,0.0
05/07/06 02:00,0.0
05/07/06 03:00,0.0
05/07/06 04:00,0.0
05/07/06 05:00,19.1
05/07/06 06:00,29.1
05/07/06 07:00,28.0
05/07/06 08:00,33.5
05/07/06 09:00,37.1
05/07/06 10:00,37.1
05/07/06 11:00,35.4
05/07/06 12:00,34.8
05/07/06 13:00,35.0
05/07/06 14:00,36.6
05/07/06 15:00,33.0
05/07/06 16:00,27.5
05/07/06 17:00,9.2
05/07/06 18:00,0.0
05/07/06 19:00,0.0
05/07/06 20:00,0.0
05/07/06 21:00,0.0
05/07/06 22:00,0.0
05/07/06 23:00,0.0
05/08/06 00:00,0.0
05/08/06 01:00,0.0
05/08/06 02:00,0.0
05/08/06 03:00,0.0
05/08/06 04:00,0.0
05/08/06 05:00,18.7
05/08/06 06:00,29.9
05/08/06 07:00,32.4
05/08/06 08:00,36.2
05/08/06 09:00,38.3
05/08/06 10:00,36.8
05/08/06 11:00,36.0
05/08/06 12:00,34.8
05/08/06 13:00,37.8
05/08/06 14:00,35.1
05/08/06 15:00,34.2
05/08/06 16:00,29.1
05/08/06 17:00,11.7
05/08/06 18:00,0.0
05/08/06 19:00,0.0
05/08/06 20:00,0.0
05/08/06 21:00,0.0
05/08/06 22:00,0.0
05/08/06 23:00,0.0
05/09/06 00:00,0.0
05/09/06 01:00,0.0
05/09/06 02:00,0.0
05/09/06 03:00,0.0
05/09/06 04:00,0.0
05/09/06 05:00,19.1
05/09/06 06:00,29.6
05/09/06 07:00,29.0
05/09/06 08:00,36.5
05/09/06 09:00,36.3
05/09/06 10:00,37.9
05/09/06 11:00,36.7
05/09/06 12:00,34.9
05/09/06 13:00,36.7
05/09/06 14:00,37.9
05/09/06 15:00,34.8
05/09/06 16:00,27.0
05/09/06 17:00,11.2
05/09/06 18:00,0.0
05/09/06 19:00,0.0
05/09/06 20:00,0.0
05/09/06 21:00,0.0
05/09/06 22:00,0.0
05/09/06 23:00,0.0
05/10/06 00:00,0.0
05/10/06 01:00,0.0
05/10/06 02:00,0.0
05/10/06 03:00,0.0
05/10/06 04:00,0.0
05/10/06 05:00,19.0
05/10/06 06:00,29.6
05/10/06 07:00,27.9
05/10/06 08:00,36.8
05/10/06 09:00,36.5
05/10/06 10:00,35.9
05/10/06 11:00,35.5
05/10/06 12:00,37.0
05/10/06 13:00,33.1
05/10/06 14:00,32.1
05/10/06 15:00,30.3
05/10/06 16:00,25.7
05/10/06 17:00,8.8
05/10/06 18:00,0.0
05/10/06 19:00,0.0
05/10/06 20:00,0.0
05/10/06 21:00,0.0
05/10/06 22:00,0.0
05/10/06 23:00,0.0
05/11/06 00:00,0.0
05/11/06 01:00,0.0
05/11/06 02:00,0.0
05/11/06 03:00,0.0
05/11/06 04:00,0.0
05/11/06 05:00,18.7
05/11/06 06:00,29.3
05/11/06 07:00,31.4
05/11/06 08:00,33.3
05/11/06 09:00,32.6
05/11/06 10:00,31.9
05/11/06 11:00,34.3
05/11/06 12:00,33.3
05/11/06 13:00,35.7
05/11/06 14:00,34.2
05/11/06 15:00,34.7
05/11/06 16:00,27.6
05/11/06 17:00,10.3
05/11/06 18:00,0.0
05/11/06 19:00,0.0
05/11/06 20:00,0.0
05/11/06 21:00,0.0
05/11/06 22:00,0.0
05/11/06 23:00,0.0
05/12/06 00:00,0.0
05/12/06 01:00,0.0
05/12/06 02:00,0.0
05/12/06 03:00,0.0
05/12/06 04:00,0.0
05/12/06 05:00,17.3
05/12/06 06:00,28.4
05/12/06 07:00,26.9
05/12/06 08:00,15.7
05/12/06 09:00,24.1
05/12/06 10:00,36.8
05/12/06 11:00,37.9
05/12/06 12:00,36.1
05/12/06 13:00,38.4
05/12/06 14:00,33.5
05/12/06 15:00,30.8
05/12/06 16:00,17.4
05/12/06 17:00,7.5
05/12/06 18:00,0.0
05/12/06 19:00,0.0
05/12/06 20:00,0.0
05/12/06 21:00,0.0
05/12/06 22:00,0.0
05/12/06 23:00,0.0
05/13/06 00:00,0.0
05/13/06 01:00,0.0
05/13/06 02:00,0.0
05/13/06 03:00,0.0
05/13/06 04:00,0.0
05/13/06 05:00,18.5
05/13/06 06:00,29.6
05/13/06 07:00,34.2
05/13/06 08:00,36.5
05/13/06 09:00,36.8
05/13/06 10:00,35.2
05/13/06 11:00,35.2
05/13/06 12:00,37.7
05/13/06 13:00,38.2
05/13/06 14:00,38.1
05/13/06 15:00,35.4
05/13/06 16:00,28.6
05/13/06 17:00,11.5
05/13/06 18:00,0.0
05/13/06 19:00,0.0
05/13/06 20:00,0.0
05/13/06 21:00,0.0
05/13/06 22:00,0.0
05/13/06 23:00,0.0
05/14/06 00:00,0.0
05/14/06 01:00,0.0
05/14/06 02:00,0.0
05/14/06 03:00,0.0
05/14/06 04:00,0.0
05/14/06 05:00,18.9
05/14/06 06:00,29.2
05/14/06 07:00,33.9
05/14/06 08:00,33.0
05/14/06 09:00,34.9
05/14/06 10:00,33.7
05/14/06 11:00,36.0
05/14/06 12:00,36.9
05/14/06 13:00,33.1
05/14/06 14:00,31.8
05/14/06 15:00,30.1
05/14/06 16:00,23.2
05/14/06 17:00,8.1
05/14/06 18:00,0.0
05/14/06 19:00,0.0
05/14/06 20:00,0.0
05/14/06 21:00,0.0
05/14/06 22:00,0.0
05/14/06 23:00,0.0
05/15/06 00:00,0.0
05/15/06 01:00,0.0
05/15/06 02:00,0.0
05/15/06 03:00,0.0
05/15/06 04:00,0.0
05/15/06 05:00,15.2
05/15/06 06:00,26.3
05/15/06 07:00,13.3
05/15/06 08:00,8.2
05/15/06 09:00,14.0
05/15/06 10:00,19.8
05/15/06 11:00,18.1
05/15/06 12:00,14.7
05/15/06 13:00,19.2
05/15/06 14:00,23.1
05/15/06 15:00,21.9
05/15/06 16:00,13.9
05/15/06 17:00,7.9
05/15/06 18:00,0.0
05/15/06 19:00,0.0
05/15/06 20:00,0.0
05/15/06 21:00,0.0
05/15/06 22:00,0.0
05/15/06 23:00,0.0
05/16/06 00:00,0.0
05/16/06 01:00,0.0
05/16/06 02:00,0.0
05/16/06 03:00,0.0
05/16/06 04:00,0.0
05/16/06 05:00,18.6
05/16/06 06:00,28.7
05/16/06 07:00,29.6
05/16/06 08:00,29.9
05/16/06 09:00,33.8
05/16/06 10:00,35.4
05/16/06 11:00,34.7
05/16/06 12:00,34.8
05/16/06 13:00,36.7
05/16/06 14:00,34.7
05/16/06 15:00,30.1
05/16/06 16:00,22.2
05/16/06 17:00,8.8
05/16/06 18:00,0.0
05/16/06 19:00,0.0
05/16/06 20:00,0.0
05/16/06 21:00,0.0
05/16/06 22:00,0.0
05/16/06 23:00,0.0
05/17/06 00:00,0.0
05/17/06 01:00,0.0
05/17/06 02:00,0.0
05/17/06 03:00,0.0
05/17/06 04:00,0.0
05/17/06 05:00,10.6
05/17/06 06:00,17.8
05/17/06 07:00,33.4
05/17/06 08:00,26.4
05/17/06 09:00,19.0
05/17/06 10:00,18.9
05/17/06 11:00,31.2
05/17/06 12:00,31.6
05/17/06 13:00,30.6
05/17/06 14:00,31.2
05/17/06 15:00,24.0
05/17/06 16:00,16.1
05/17/06 17:00,3.4
05/17/06 18:00,0.0
05/17/06 19:00,0.0
05/17/06 20:00,0.0
05/17/06 21:00,0.0
05/17/06 22:00,0.0
05/17/06 23:00,0.0
05/18/06 00:00,0.0
05/18/06 01:00,0.0
05/18/06 02:00,0.0
05/18/06 03:00,0.0
05/18/06 04:00,0.0
05/18/06 05:00,19.1
05/18/06 06:00,28.0
05/18/06 07:00,30.7
05/18/06 08:00,31.4
05/18/06 09:00,34.7
05/18/06 10:00,37.7
05/18/06 11:00,37.2
05/18/06 12:00,29.9
05/18/06 13:00,21.5
05/18/06 14:00,13.1
05/18/06 15:00,12.8
05/18/06 16:00,17.6
05/18/06 17:00,10.0
05/18/06 18:00,0.0
05/18/06 19:00,0.0
05/18/06 20:00,0.0
05/18/06 21:00,0.0
05/18/06 22:00,0.0
05/18/06 23:00,0.0
05/19/06 00:00,0.0
05/19/06 01:00,0.0
05/19/06 02:00,0.0
05/19/06 03:00,0.0
05/19/06 04:00,0.0
05/19/06 05:00,19.4
05/19/06 06:00,29.0
05/19/06 07:00,29.6
05/19/06 08:00,35.2
05/19/06 09:00,36.0
05/19/06 10:00,38.2
05/19/06 11:00,38.6
05/19/06 12:00,39.1
05/19/06 13:00,39.4
05/19/06 14:00,33.5
05/19/06 15:00,29.2
05/19/06 16:00,26.1
05/19/06 17:00,8.9
05/19/06 18:00,0.0
05/19/06 19:00,0.0
05/19/06 20:00,0.0
05/19/06 21:00,0.0
05/19/06 22:00,0.0
05/19/06 23:00,0.0
05/20/06 00:00,0.0
05/20/06 01:00,0.0
05/20/06 02:00,0.0
05/20/06 03:00,0.0
05/20/06 04:00,0.0
05/20/06 05:00,19.1
05/20/06 06:00,30.1
05/20/06 07:00,35.6
05/20/06 08:00,38.1
05/20/06 09:00,37.4
05/20/06 10:00,40.7
05/20/06 11:00,40.3
05/20/06 12:00,40.2
05/20/06 13:00,38.6
05/20/06 14:00,36.1
05/20/06 15:00,34.6
05/20/06 16:00,24.7
05/20/06 17:00,5.3
05/20/06 18:00,0.0
05/20/06 19:00,0.0
05/20/06 20:00,0.0
05/20/06 21:00,0.0
05/20/06 22:00,0.0
05/20/06 23:00,0.0
05/21/06 00:00,0.0
05/21/06 01:00,0.0
05/21/06 02:00,0.0
05/21/06 03:00,0.0
05/21/06 04:00,0.0
05/21/06 05:00,18.8
05/21/06 06:00,28.0
05/21/06 07:00,13.3
05/21/06 08:00,6.3
05/21/06 09:00,8.7
05/21/06 10:00,19.4
05/21/06 11:00,19.3
05/21/06 12:00,14.4
05/21/06 13:00,14.8
05/21/06 14:00,10.4
05/21/06 15:00,17.1
05/21/06 16:00,8.3
05/21/06 17:00,2.5
05/21/06 18:00,0.0
05/21/06 19:00,0.0
05/21/06 20:00,0.0
05/21/06 21:00,0.0
05/21/06 22:00,0.0
05/21/06 23:00,0.0
05/22/06 00:00,0.0
05/22/06 01:00,0.0
05/22/06 02:00,0.0
05/22/06 03:00,0.0
05/22/06 04:00,0.0
05/22/06 05:00,0.0
05/22/06 06:00,11.6
05/22/06 07:00,35.0
05/22/06 08:00,20.8
05/22/06 09:00,27.2
05/22/06 10:00,38.6
05/22/06 11:00,30.2
05/22/06 12:00,13.3
05/22/06 13:00,12.9
05/22/06 14:00,11.8
05/22/06 15:00,21.3
05/22/06 16:00,18.1
05/22/06 17:00,10.1
05/22/06 18:00,0.0
05/22/06 19:00,0.0
05/22/06 20:00,0.0
05/22/06 21:00,0.0
05/22/06 22:00,0.0
05/22/06 23:00,0.0
05/23/06 00:00,0.0
05/23/06 01:00,0.0
05/23/06 02:00,0.0
05/23/06 03:00,0.0
05/23/06 04:00,0.0
05/23/06 05:00,20.4
05/23/06 06:00,30.2
05/23/06 07:00,36.0
05/23/06 08:00,38.5
05/23/06 09:00,38.2
05/23/06 10:00,36.9
05/23/06 11:00,36.9
05/23/06 12:00,37.5
05/23/06 13:00,36.9
05/23/06 14:00,36.9
05/23/06 15:00,33.4
05/23/06 16:00,27.1
05/23/06 17:00,13.4
05/23/06 18:00,0.0
05/23/06 19:00,0.0
05/23/06 20:00,0.0
05/23/06 21:00,0.0
05/23/06 22:00,0.0
05/23/06 23:00,0.0
05/24/06 00:00,0.0
05/24/06 01:00,0.0
05/24/06 02:00,0.0
05/24/06 03:00,0.0
05/24/06 04:00,0.0
05/24/06 05:00,20.4
05/24/06 06:00,30.5
05/24/06 07:00,32.7
05/24/06 08:00,32.1
05/24/06 09:00,30.3
05/24/06 10:00,36.8
05/24/06 11:00,38.1
05/24/06 12:00,35.5
05/24/06 13:00,36.7
05/24/06 14:00,34.3
05/24/06 15:00,33.0
05/24/06 16:00,29.0
05/24/06 17:00,13.8
05/24/06 18:00,0.0
05/24/06 19:00,0.0
05/24/06 20:00,0.0
05/24/06 21:00,0.0
05/24/06 22:00,0.0
05/24/06 23:00,0.0
05/25/06 00:00,0.0
05/25/06 01:00,0.0
05/25/06 02:00,0.0
05/25/06 03:00,0.0
05/25/06 04:00,0.0
05/25/06 05:00,20.0
05/25/06 06:00,30.6
05/25/06 07:00,34.4
05/25/06 08:00,37.8
05/25/06 09:00,38.0
05/25/06 10:00,37.7
05/25/06 11:00,39.0
05/25/06 12:00,39.0
05/25/06 13:00,36.0
05/25/06 14:00,35.6
05/25/06 15:00,33.4
05/25/06 16:00,28.7
05/25/06 17:00,15.1
05/25/06 18:00,0.0
05/25/06 19:00,0.0
05/25/06 20:00,0.0
05/25/06 21:00,0.0
05/25/06 22:00,0.0
05/25/06 23:00,0.0
05/26/06 00:00,0.0
05/26/06 01:00,0.0
05/26/06 02:00,0.0
05/26/06 03:00,0.0
05/26/06 04:00,0.0
05/26/06 05:00,20.4
05/26/06 06:00,30.9
05/26/06 07:00,35.3
05/26/06 08:00,38.0
05/26/06 09:00,40.1
05/26/06 10:00,39.5
05/26/06 11:00,40.1
05/26/06 12:00,38.2
05/26/06 13:00,39.0
05/26/06 14:00,37.4
05/26/06 15:00,34.9
05/26/06 16:00,26.8
05/26/06 17:00,10.2
05/26/06 18:00,0.0
05/26/06 19:00,0.0
05/26/06 20:00,0.0
05/26/06 21:00,0.0
05/26/06 22:00,0.0
05/26/06 23:00,0.0
05/27/06 00:00,0.0
05/27/06 01:00,0.0
05/27/06 02:00,0.0
05/27/06 03:00,0.0
05/27/06 04:00,0.0
05/27/06 05:00,21.4
05/27/06 06:00,32.6
05/27/06 07:00,3.4
05/27/06 08:00,21.6
05/27/06 09:00,21.8
05/27/06 10:00,32.8
05/27/06 11:00,42.5
05/27/06 12:00,42.7
05/27/06 13:00,38.6
05/27/06 14:00,39.3
05/27/06 15:00,38.2
05/27/06 16:00,30.4
05/27/06 17:00,15.1
05/27/06 18:00,0.0
05/27/06 19:00,0.0
05/27/06 20:00,0.0
05/27/06 21:00,0.0
05/27/06 22:00,0.0
05/27/06 23:00,0.0
05/28/06 00:00,0.0
05/28/06 01:00,0.0
05/28/06 02:00,0.0
05/28/06 03:00,0.0
05/28/06 04:00,0.0
05/28/06 05:00,20.9
05/28/06 06:00,31.1
05/28/06 07:00,34.6
05/28/06 08:00,35.9
05/28/06 09:00,36.4
05/28/06 10:00,37.5
05/28/06 11:00,35.6
05/28/06 12:00,35.7
05/28/06 13:00,37.9
05/28/06 14:00,39.6
05/28/06 15:00,34.5
05/28/06 16:00,23.9
05/28/06 17:00,11.4
05/28/06 18:00,0.0
05/28/06 19:00,0.0
05/28/06 20:00,0.0
05/28/06 21:00,0.0
05/28/06 22:00,0.0
05/28/06 23:00,0.0
05/29/06 00:00,0.0
05/29/06 01:00,0.0
05/29/06 02:00,0.0
05/29/06 03:00,0.0
05/29/06 04:00,0.0
05/29/06 05:00,20.7
05/29/06 06:00,29.4
05/29/06 07:00,34.0
05/29/06 08:00,37.9
05/29/06 09:00,37.9
05/29/06 10:00,38.0
05/29/06 11:00,36.1
05/29/06 12:00,38.1
05/29/06 13:00,37.4
05/29/06 14:00,35.4
05/29/06 15:00,31.6
05/29/06 16:00,25.7
05/29/06 17:00,12.1
05/29/06 18:00,0.0
05/29/06 19:00,0.0
05/29/06 20:00,0.0
05/29/06 21:00,0.0
05/29/06 22:00,0.0
05/29/06 23:00,0.0
05/30/06 00:00,0.0
05/30/06 01:00,0.0
05/30/06 02:00,0.0
05/30/06 03:00,0.0
05/30/06 04:00,0.0
05/30/06 05:00,20.4
05/30/06 06:00,28.8
05/30/06 07:00,32.4
05/30/06 08:00,33.1
05/30/06 09:00,36.7
05/30/06 10:00,37.4
05/30/06 11:00,36.8
05/30/06 12:00,32.9
05/30/06 13:00,31.0
05/30/06 14:00,33.1
05/30/06 15:00,29.5
05/30/06 16:00,25.3
05/30/06 17:00,13.9
05/30/06 18:00,0.0
05/30/06 19:00,0.0
05/30/06 20:00,0.0
05/30/06 21:00,0.0
05/30/06 22:00,0.0
05/30/06 23:00,0.0
05/31/06 00:00,0.0
05/31/06 01:00,0.0
05/31/06 02:00,0.0
05/31/06 03:00,0.0
05/31/06 04:00,0.0
05/31/06 05:00,19.3
05/31/06 06:00,29.3
05/31/06 07:00,32.9
05/31/06 08:00,35.2
05/31/06 09:00,36.5
05/31/06 10:00,35.7
05/31/06 11:00,33.8
05/31/06 12:00,35.0
05/31/06 13:00,35.0
05/31/06 14:00,34.0
05/31/06 15:00,30.3
05/31/06 16:00,25.6
05/31/06 17:00,15.5
05/31/06 18:00,0.0
05/31/06 19:00,0.0
05/31/06 20:00,0.0
05/31/06 21:00,0.0
05/31/06 22:00,0.0
05/31/06 23:00,0.0
06/01/06 00:00,0.0
06/01/06 01:00,0.0
06/01/06 02:00,0.0
06/01/06 03:00,0.0
06/01/06 04:00,0.0
06/01/06 05:00,20.1
06/01/06 06:00,29.6
06/01/06 07:00,33.2
06/01/06 08:00,33.5
06/01/06 09:00,34.1
06/01/06 10:00,36.5
06/01/06 11:00,35.0
06/01/06 12:00,35.4
06/01/06 13:00,35.9
06/01/06 14:00,32.5
06/01/06 15:00,34.1
06/01/06 16:00,29.1
06/01/06 17:00,16.3
06/01/06 18:00,0.0
06/01/06 19:00,0.0
06/01/06 20:00,0.0
06/01/06 21:00,0.0
06/01/06 22:00,0.0
06/01/06 23:00,0.0
06/02/06 00:00,0.0
06/02/06 01:00,0.0
06/02/06 02:00,0.0
06/02/06 03:00,0.0
06/02/06 04:00,0.0
06/02/06 05:00,20.0
06/02/06 06:00,28.1
06/02/06 07:00,30.9
06/02/06 08:00,36.0
06/02/06 09:00,37.2
06/02/06 10:00,36.2
06/02/06 11:00,34.8
06/02/06 12:00,37.1
06/02/06 13:00,37.0
06/02/06 14:00,34.5
06/02/06 15:00,22.4
06/02/06 16:00,21.1
06/02/06 17:00,11.7
06/02/06 18:00,0.0
06/02/06 19:00,0.0
06/02/06 20:00,0.0
06/02/06 21:00,0.0
06/02/06 22:00,0.0
06/02/06 23:00,0.0
06/03/06 00:00,0.0
06/03/06 01:00,0.0
06/03/06 02:00,0.0
06/03/06 03:00,0.0
06/03/06 04:00,0.0
06/03/06 05:00,18.9
06/03/06 06:00,29.2
06/03/06 07:00,33.6
06/03/06 08:00,34.2
06/03/06 09:00,34.1
06/03/06 10:00,33.0
06/03/06 11:00,33.6
06/03/06 12:00,35.2
06/03/06 13:00,33.0
06/03/06 14:00,33.2
06/03/06 15:00,32.1
06/03/06 16:00,28.1
06/03/06 17:00,16.5
06/03/06 18:00,0.0
06/03/06 19:00,0.0
06/03/06 20:00,0.0
06/03/06 21:00,0.0
06/03/06 22:00,0.0
06/03/06 23:00,0.0
06/04/06 00:00,0.0
06/04/06 01:00,0.0
06/04/06 02:00,0.0
06/04/06 03:00,0.0
06/04/06 04:00,0.0
06/04/06 05:00,19.8
06/04/06 06:00,29.4
06/04/06 07:00,32.6
06/04/06 08:00,32.7
06/04/06 09:00,31.8
06/04/06 10:00,35.5
06/04/06 11:00,35.3
06/04/06 12:00,35.4
06/04/06 13:00,34.5
06/04/06 14:00,32.1
06/04/06 15:00,33.3
06/04/06 16:00,25.6
06/04/06 17:00,13.5
06/04/06 18:00,0.0
06/04/06 19:00,0.0
06/04/06 20:00,0.0
06/04/06 21:00,0.0
06/04/06 22:00,0.0
06/04/06 23:00,0.0
06/05/06 00:00,0.0
06/05/06 01:00,0.0
06/05/06 02:00,0.0
06/05/06 03:00,0.0
06/05/06 04:00,0.0
06/05/06 05:00,19.3
06/05/06 06:00,28.8
06/05/06 07:00,34.2
06/05/06 08:00,34.6
06/05/06 09:00,36.9
06/05/06 10:00,35.4
06/05/06 11:00,35.6
06/05/06 12:00,34.3
06/05/06 13:00,35.5
06/05/06 14:00,36.0
06/05/06 15:00,33.2
06/05/06 16:00,25.7
06/05/06 17:00,15.1
06/05/06 18:00,0.0
06/05/06 19:00,0.0
06/05/06 20:00,0.0
06/05/06 21:00,0.0
06/05/06 22:00,0.0
06/05/06 23:00,0.0
06/06/06 00:00,0.0
06/06/06 01:00,0.0
06/06/06 02:00,0.0
06/06/06 03:00,0.0
06/06/06 04:00,0.0
06/06/06 05:00,19.7
06/06/06 06:00,27.3
06/06/06 07:00,29.1
06/06/06 08:00,21.1
06/06/06 09:00,25.8
06/06/06 10:00,33.3
06/06/06 11:00,31.0
06/06/06 12:00,27.9
06/06/06 13:00,21.5
06/06/06 14:00,20.8
06/06/06 15:00,7.8
06/06/06 16:00,8.3
06/06/06 17:00,6.4
06/06/06 18:00,0.0
06/06/06 19:00,0.0
06/06/06 20:00,0.0
06/06/06 21:00,0.0
06/06/06 22:00,0.0
06/06/06 23:00,0.0
06/07/06 00:00,0.0
06/07/06 01:00,0.0
06/07/06 02:00,0.0
06/07/06 03:00,0.0
06/07/06 04:00,0.0
06/07/06 05:00,15.5
06/07/06 06:00,27.3
06/07/06 07:00,32.3
06/07/06 08:00,30.9
06/07/06 09:00,31.3
06/07/06 10:00,35.2
06/07/06 11:00,36.3
06/07/06 12:00,32.2
06/07/06 13:00,22.0
06/07/06 14:00,20.2
06/07/06 15:00,23.9
06/07/06 16:00,13.8
06/07/06 17:00,1.9
06/07/06 18:00,0.0
06/07/06 19:00,0.0
06/07/06 20:00,0.0
06/07/06 21:00,0.0
06/07/06 22:00,0.0
06/07/06 23:00,0.0
06/08/06 00:00,0.0
06/08/06 01:00,0.0
06/08/06 02:00,0.0
06/08/06 03:00,0.0
06/08/06 04:00,0.0
06/08/06 05:00,18.9
06/08/06 06:00,28.2
06/08/06 07:00,29.8
06/08/06 08:00,32.7
06/08/06 09:00,36.1
06/08/06 10:00,36.8
06/08/06 11:00,36.5
06/08/06 12:00,37.7
06/08/06 13:00,38.0
06/08/06 14:00,35.3
06/08/06 15:00,30.8
06/08/06 16:00,14.2
06/08/06 17:00,10.4
06/08/06 18:00,0.0
06/08/06 19:00,0.0
06/08/06 20:00,0.0
06/08/06 21:00,0.0
06/08/06 22:00,0.0
06/08/06 23:00,0.0
06/09/06 00:00,0.0
06/09/06 01:00,0.0
06/09/06 02:00,0.0
06/09/06 03:00,0.0
06/09/06 04:00,0.0
06/09/06 05:00,19.7
06/09/06 06:00,29.1
06/09/06 07:00,30.7
06/09/06 08:00,34.9
06/09/06 09:00,38.1
06/09/06 10:00,37.8
06/09/06 11:00,38.0
06/09/06 12:00,38.3
06/09/06 13:00,38.2
06/09/06 14:00,37.5
06/09/06 15:00,35.7
06/09/06 16:00,29.7
06/09/06 17:00,16.8
06/09/06 18:00,0.0
06/09/06 19:00,0.0
06/09/06 20:00,0.0
06/09/06 21:00,0.0
06/09/06 22:00,0.0
06/09/06 23:00,0.0
06/10/06 00:00,0.0
06/10/06 01:00,0.0
06/10/06 02:00,0.0
06/10/06 03:00,0.0
06/10/06 04:00,0.0
06/10/06 05:00,20.2
06/10/06 06:00,28.5
06/10/06 07:00,34.5
06/10/06 08:00,35.7
06/10/06 09:00,37.2
06/10/06 10:00,37.5
06/10/06 11:00,36.9
06/10/06 12:00,36.7
06/10/06 13:00,37.5
06/10/06 14:00,37.8
06/10/06 15:00,35.9
06/10/06 16:00,30.2
06/10/06 17:00,18.1
06/10/06 18:00,0.0
06/10/06 19:00,0.0
06/10/06 20:00,0.0
06/10/06 21:00,0.0
06/10/06 22:00,0.0
06/10/06 23:00,0.0
06/11/06 00:00,0.0
06/11/06 01:00,0.0
06/11/06 02:00,0.0
06/11/06 03:00,0.0
06/11/06 04:00,0.0
06/11/06 05:00,20.4
06/11/06 06:00,30.3
06/11/06 07:00,35.6
06/11/06 08:00,38.0
06/11/06 09:00,37.5
06/11/06 10:00,38.0
06/11/06 11:00,36.3
06/11/06 12:00,38.8
06/11/06 13:00,39.2
06/11/06 14:00,38.1
06/11/06 15:00,36.3
06/11/06 16:00,30.9
06/11/06 17:00,18.9
06/11/06 18:00,0.0
06/11/06 19:00,0.0
06/11/06 20:00,0.0
06/11/06 21:00,0.0
06/11/06 22:00,0.0
06/11/06 23:00,0.0
06/12/06 00:00,0.0
06/12/06 01:00,0.0
06/12/06 02:00,0.0
06/12/06 03:00,0.0
06/12/06 04:00,0.0
06/12/06 05:00,20.7
06/12/06 06:00,30.1
06/12/06 07:00,34.8
06/12/06 08:00,36.4
06/12/06 09:00,39.4
06/12/06 10:00,38.2
06/12/06 11:00,39.7
06/12/06 12:00,40.0
06/12/06 13:00,39.7
06/12/06 14:00,38.5
06/12/06 15:00,36.5
06/12/06 16:00,31.1
06/12/06 17:00,18.4
06/12/06 18:00,0.0
06/12/06 19:00,0.0
06/12/06 20:00,0.0
06/12/06 21:00,0.0
06/12/06 22:00,0.0
06/12/06 23:00,0.0
06/13/06 00:00,0.0
06/13/06 01:00,0.0
06/13/06 02:00,0.0
06/13/06 03:00,0.0
06/13/06 04:00,0.0
06/13/06 05:00,19.4
06/13/06 06:00,26.1
06/13/06 07:00,34.7
06/13/06 08:00,34.1
06/13/06 09:00,36.1
06/13/06 10:00,39.4
06/13/06 11:00,40.1
06/13/06 12:00,39.7
06/13/06 13:00,37.3
06/13/06 14:00,36.1
06/13/06 15:00,32.3
06/13/06 16:00,28.5
06/13/06 17:00,17.8
06/13/06 18:00,0.0
06/13/06 19:00,0.0
06/13/06 20:00,0.0
06/13/06 21:00,0.0
06/13/06 22:00,0.0
06/13/06 23:00,0.0
06/14/06 00:00,0.0
06/14/06 01:00,0.0
06/14/06 02:00,0.0
06/14/06 03:00,0.0
06/14/06 04:00,0.0
06/14/06 05:00,19.6
06/14/06 06:00,29.4
06/14/06 07:00,34.7
06/14/06 08:00,34.6
06/14/06 09:00,34.3
06/14/06 10:00,35.7
06/14/06 11:00,37.8
06/14/06 12:00,36.5
06/14/06 13:00,37.8
06/14/06 14:00,37.1
06/14/06 15:00,35.3
06/14/06 16:00,30.1
06/14/06 17:00,18.4
06/14/06 18:00,0.0
06/14/06 19:00,0.0
06/14/06 20:00,0.0
06/14/06 21:00,0.0
06/14/06 22:00,0.0
06/14/06 23:00,0.0
06/15/06 00:00,0.0
06/15/06 01:00,0.0
06/15/06 02:00,0.0
06/15/06 03:00,0.0
06/15/06 04:00,0.0
06/15/06 05:00,20.1
06/15/06 06:00,30.0
06/15/06 07:00,34.2
06/15/06 08:00,38.3
06/15/06 09:00,38.5
06/15/06 10:00,38.5
06/15/06 11:00,38.6
06/15/06 12:00,38.2
06/15/06 13:00,38.0
06/15/06 14:00,34.7
06/15/06 15:00,32.2
06/15/06 16:00,27.3
06/15/06 17:00,16.4
06/15/06 18:00,0.0
06/15/06 19:00,0.0
06/15/06 20:00,0.0
06/15/06 21:00,0.0
06/15/06 22:00,0.0
06/15/06 23:00,0.0
06/16/06 00:00,0.0
06/16/06 01:00,0.0
06/16/06 02:00,0.0
06/16/06 03:00,0.0
06/16/06 04:00,0.0
06/16/06 05:00,19.0
06/16/06 06:00,28.2
06/16/06 07:00,33.5
06/16/06 08:00,37.0
06/16/06 09:00,36.0
06/16/06 10:00,34.5
06/16/06 11:00,34.4
06/16/06 12:00,36.4
06/16/06 13:00,36.4
06/16/06 14:00,36.7
06/16/06 15:00,31.7
06/16/06 16:00,25.9
06/16/06 17:00,15.0
06/16/06 18:00,0.0
06/16/06 19:00,0.0
06/16/06 20:00,0.0
06/16/06 21:00,0.0
06/16/06 22:00,0.0
06/16/06 23:00,0.0
06/17/06 00:00,0.0
06/17/06 01:00,0.0
06/17/06 02:00,0.0
06/17/06 03:00,0.0
06/17/06 04:00,0.0
06/17/06 05:00,19.4
06/17/06 06:00,28.5
06/17/06 07:00,31.3
06/17/06 08:00,32.2
06/17/06 09:00,33.2
06/17/06 10:00,31.8
06/17/06 11:00,30.8
06/17/06 12:00,32.8
06/17/06 13:00,33.3
06/17/06 14:00,33.5
06/17/06 15:00,33.3
06/17/06 16:00,27.9
06/17/06 17:00,16.7
06/17/06 18:00,0.1
06/17/06 19:00,0.0
06/17/06 20:00,0.0
06/17/06 21:00,0.0
06/17/06 22:00,0.0
06/17/06 23:00,0.0
06/18/06 00:00,0.0
06/18/06 01:00,0.0
06/18/06 02:00,0.0
06/18/06 03:00,0.0
06/18/06 04:00,0.0
06/18/06 05:00,18.9
06/18/06 06:00,28.1
06/18/06 07:00,31.7
06/18/06 08:00,33.9
06/18/06 09:00,34.2
06/18/06 10:00,36.2
06/18/06 11:00,36.9
06/18/06 12:00,34.2
06/18/06 13:00,35.4
06/18/06 14:00,35.6
06/18/06 15:00,32.4
06/18/06 16:00,26.7
06/18/06 17:00,17.2
06/18/06 18:00,0.8
06/18/06 19:00,0.0
06/18/06 20:00,0.0
06/18/06 21:00,0.0
06/18/06 22:00,0.0
06/18/06 23:00,0.0
06/19/06 00:00,0.0
06/19/06 01:00,0.0
06/19/06 02:00,0.0
06/19/06 03:00,0.0
06/19/06 04:00,0.0
06/19/06 05:00,19.2
06/19/06 06:00,28.4
06/19/06 07:00,32.3
06/19/06 08:00,34.9
06/19/06 09:00,36.4
06/19/06 10:00,37.2
06/19/06 11:00,37.3
06/19/06 12:00,37.9
06/19/06 13:00,37.1
06/19/06 14:00,33.9
06/19/06 15:00,33.8
06/19/06 16:00,27.7
06/19/06 17:00,16.4
06/19/06 18:00,0.0
06/19/06 19:00,0.0
06/19/06 20:00,0.0
06/19/06 21:00,0.0
06/19/06 22:00,0.0
06/19/06 23:00,0.0
06/20/06 00:00,0.0
06/20/06 01:00,0.0
06/20/06 02:00,0.0
06/20/06 03:00,0.0
06/20/06 04:00,0.0
06/20/06 05:00,19.6
06/20/06 06:00,28.8
06/20/06 07:00,33.5
06/20/06 08:00,35.3
06/20/06 09:00,36.3
06/20/06 10:00,35.7
06/20/06 11:00,36.2
06/20/06 12:00,36.4
06/20/06 13:00,36.6
06/20/06 14:00,36.3
06/20/06 15:00,34.5
06/20/06 16:00,28.5
06/20/06 17:00,16.7
06/20/06 18:00,0.0
06/20/06 19:00,0.0
06/20/06 20:00,0.0
06/20/06 21:00,0.0
06/20/06 22:00,0.0
06/20/06 23:00,0.0
06/21/06 00:00,0.0
06/21/06 01:00,0.0
06/21/06 02:00,0.0
06/21/06 03:00,0.0
06/21/06 04:00,0.0
06/21/06 05:00,19.1
06/21/06 06:00,27.8
06/21/06 07:00,26.6
06/21/06 08:00,25.5
06/21/06 09:00,35.7
06/21/06 10:00,35.7
06/21/06 11:00,34.2
06/21/06 12:00,33.2
06/21/06 13:00,30.9
06/21/06 14:00,29.6
06/21/06 15:00,30.6
06/21/06 16:00,26.0
06/21/06 17:00,15.6
06/21/06 18:00,0.0
06/21/06 19:00,0.0
06/21/06 20:00,0.0
06/21/06 21:00,0.0
06/21/06 22:00,0.0
06/21/06 23:00,0.0
06/22/06 00:00,0.0
06/22/06 01:00,0.0
06/22/06 02:00,0.0
06/22/06 03:00,0.0
06/22/06 04:00,0.0
06/22/06 05:00,18.5
06/22/06 06:00,27.6
06/22/06 07:00,30.8
06/22/06 08:00,33.0
06/22/06 09:00,30.9
06/22/06 10:00,30.1
06/22/06 11:00,29.9
06/22/06 12:00,33.6
06/22/06 13:00,32.9
06/22/06 14:00,31.7
06/22/06 15:00,32.8
06/22/06 16:00,25.9
06/22/06 17:00,13.9
06/22/06 18:00,0.0
06/22/06 19:00,0.0
06/22/06 20:00,0.0
06/22/06 21:00,0.0
06/22/06 22:00,0.0
06/22/06 23:00,0.0
06/23/06 00:00,0.0
06/23/06 01:00,0.0
06/23/06 02:00,0.0
06/23/06 03:00,0.0
06/23/06 04:00,0.0
06/23/06 05:00,18.7
06/23/06 06:00,27.5
06/23/06 07:00,30.7
06/23/06 08:00,31.4
06/23/06 09:00,31.0
06/23/06 10:00,30.9
06/23/06 11:00,32.2
06/23/06 12:00,33.6
06/23/06 13:00,30.9
06/23/06 14:00,27.5
06/23/06 15:00,29.6
06/23/06 16:00,12.5
06/23/06 17:00,10.5
06/23/06 18:00,0.2
06/23/06 19:00,0.0
06/23/06 20:00,0.0
06/23/06 21:00,0.0
06/23/06 22:00,0.0
06/23/06 23:00,0.0
06/24/06 00:00,0.0
06/24/06 01:00,0.0
06/24/06 02:00,0.0
06/24/06 03:00,0.0
06/24/06 04:00,0.0
06/24/06 05:00,17.2
06/24/06 06:00,25.8
06/24/06 07:00,13.8
06/24/06 08:00,12.9
06/24/06 09:00,12.8
06/24/06 10:00,20.7
06/24/06 11:00,28.0
06/24/06 12:00,32.1
06/24/06 13:00,33.3
06/24/06 14:00,34.0
06/24/06 15:00,28.2
06/24/06 16:00,20.1
06/24/06 17:00,10.8
06/24/06 18:00,0.2
06/24/06 19:00,0.0
06/24/06 20:00,0.0
06/24/06 21:00,0.0
06/24/06 22:00,0.0
06/24/06 23:00,0.0
06/25/06 00:00,0.0
06/25/06 01:00,0.0
06/25/06 02:00,0.0
06/25/06 03:00,0.0
06/25/06 04:00,0.0
06/25/06 05:00,16.2
06/25/06 06:00,24.2
06/25/06 07:00,21.5
06/25/06 08:00,12.5
06/25/06 09:00,12.8
06/25/06 10:00,19.7
06/25/06 11:00,33.3
06/25/06 12:00,35.6
06/25/06 13:00,30.0
06/25/06 14:00,26.3
06/25/06 15:00,25.9
06/25/06 16:00,18.8
06/25/06 17:00,8.4
06/25/06 18:00,0.0
06/25/06 19:00,0.0
06/25/06 20:00,0.0
06/25/06 21:00,0.0
06/25/06 22:00,0.0
06/25/06 23:00,0.0
06/26/06 00:00,0.0
06/26/06 01:00,0.0
06/26/06 02:00,0.0
06/26/06 03:00,0.0
06/26/06 04:00,0.0
06/26/06 05:00,16.4
06/26/06 06:00,24.5
06/26/06 07:00,30.4
06/26/06 08:00,28.2
06/26/06 09:00,22.0
06/26/06 10:00,21.9
06/26/06 11:00,18.2
06/26/06 12:00,24.8
06/26/06 13:00,25.6
06/26/06 14:00,14.4
06/26/06 15:00,10.2
06/26/06 16:00,7.7
06/26/06 17:00,8.4
06/26/06 18:00,0.1
06/26/06 19:00,0.0
06/26/06 20:00,0.0
06/26/06 21:00,0.0
06/26/06 22:00,0.0
06/26/06 23:00,0.0
06/27/06 00:00,0.0
06/27/06 01:00,0.0
06/27/06 02:00,0.0
06/27/06 03:00,0.0
06/27/06 04:00,0.0
06/27/06 05:00,18.5
06/27/06 06:00,28.0
06/27/06 07:00,21.1
06/27/06 08:00,11.4
06/27/06 09:00,12.6
06/27/06 10:00,10.8
06/27/06 11:00,11.3
06/27/06 12:00,16.3
06/27/06 13:00,12.6
06/27/06 14:00,15.5
06/27/06 15:00,14.4
06/27/06 16:00,9.2
06/27/06 17:00,3.6
06/27/06 18:00,0.0
06/27/06 19:00,0.0
06/27/06 20:00,0.0
06/27/06 21:00,0.0
06/27/06 22:00,0.0
06/27/06 23:00,0.0
06/28/06 00:00,0.0
06/28/06 01:00,0.0
06/28/06 02:00,0.0
06/28/06 03:00,0.0
06/28/06 04:00,0.0
06/28/06 05:00,19.6
06/28/06 06:00,26.8
06/28/06 07:00,31.2
06/28/06 08:00,30.9
06/28/06 09:00,33.9
06/28/06 10:00,33.9
06/28/06 11:00,33.0
06/28/06 12:00,32.7
06/28/06 13:00,27.4
06/28/06 14:00,32.6
06/28/06 15:00,22.2
06/28/06 16:00,12.1
06/28/06 17:00,9.8
06/28/06 18:00,0.0
06/28/06 19:00,0.0
06/28/06 20:00,0.0
06/28/06 21:00,0.0
06/28/06 22:00,0.0
06/28/06 23:00,0.0
06/29/06 00:00,0.0
06/29/06 01:00,0.0
06/29/06 02:00,0.0
06/29/06 03:00,0.0
06/29/06 04:00,0.0
06/29/06 05:00,16.9
06/29/06 06:00,25.6
06/29/06 07:00,29.8
06/29/06 08:00,31.4
06/29/06 09:00,33.5
06/29/06 10:00,33.2
06/29/06 11:00,31.9
06/29/06 12:00,33.9
06/29/06 13:00,32.0
06/29/06 14:00,15.8
06/29/06 15:00,15.8
06/29/06 16:00,17.8
06/29/06 17:00,8.1
06/29/06 18:00,0.4
06/29/06 19:00,0.0
06/29/06 20:00,0.0
06/29/06 21:00,0.0
06/29/06 22:00,0.0
06/29/06 23:00,0.0
06/30/06 00:00,0.0
06/30/06 01:00,0.0
06/30/06 02:00,0.0
06/30/06 03:00,0.0
06/30/06 04:00,0.0
06/30/06 05:00,18.3
06/30/06 06:00,27.9
06/30/06 07:00,30.3
06/30/06 08:00,26.8
06/30/06 09:00,26.5
06/30/06 10:00,29.7
06/30/06 11:00,30.0
06/30/06 12:00,30.2
06/30/06 13:00,28.8
06/30/06 14:00,30.1
06/30/06 15:00,28.5
06/30/06 16:00,22.9
06/30/06 17:00,13.6
06/30/06 18:00,0.0
06/30/06 19:00,0.0
06/30/06 20:00,0.0
06/30/06 21:00,0.0
06/30/06 22:00,0.0
06/30/06 23:00,0.0
07/01/06 00:00,0.0
07/01/06 01:00,0.0
07/01/06 02:00,0.0
07/01/06 03:00,0.0
07/01/06 04:00,0.0
07/01/06 05:00,17.9
07/01/06 06:00,26.6
07/01/06 07:00,33.5
07/01/06 08:00,37.1
07/01/06 09:00,38.0
07/01/06 10:00,38.2
07/01/06 11:00,38.0
07/01/06 12:00,34.0
07/01/06 13:00,32.6
07/01/06 14:00,31.1
07/01/06 15:00,29.5
07/01/06 16:00,15.3
07/01/06 17:00,5.2
07/01/06 18:00,0.0
07/01/06 19:00,0.0
07/01/06 20:00,0.0
07/01/06 21:00,0.0
07/01/06 22:00,0.0
07/01/06 23:00,0.0
07/02/06 00:00,0.0
07/02/06 01:00,0.0
07/02/06 02:00,0.0
07/02/06 03:00,0.0
07/02/06 04:00,0.0
07/02/06 05:00,18.3
07/02/06 06:00,26.6
07/02/06 07:00,29.6
07/02/06 08:00,30.5
07/02/06 09:00,31.5
07/02/06 10:00,31.9
07/02/06 11:00,32.4
07/02/06 12:00,34.5
07/02/06 13:00,36.3
07/02/06 14:00,27.7
07/02/06 15:00,27.4
07/02/06 16:00,22.7
07/02/06 17:00,15.7
07/02/06 18:00,0.0
07/02/06 19:00,0.0
07/02/06 20:00,0.0
07/02/06 21:00,0.0
07/02/06 22:00,0.0
07/02/06 23:00,0.0
07/03/06 00:00,0.0
07/03/06 01:00,0.0
07/03/06 02:00,0.0
07/03/06 03:00,0.0
07/03/06 04:00,0.0
07/03/06 05:00,18.2
07/03/06 06:00,27.7
07/03/06 07:00,32.4
07/03/06 08:00,33.6
07/03/06 09:00,35.1
07/03/06 10:00,34.1
07/03/06 11:00,34.7
07/03/06 12:00,36.1
07/03/06 13:00,35.1
07/03/06 14:00,29.8
07/03/06 15:00,26.2
07/03/06 16:00,22.3
07/03/06 17:00,7.2
07/03/06 18:00,0.0
07/03/06 19:00,0.0
07/03/06 20:00,0.0
07/03/06 21:00,0.0
07/03/06 22:00,0.0
07/03/06 23:00,0.0
07/04/06 00:00,0.0
07/04/06 01:00,0.0
07/04/06 02:00,0.0
07/04/06 03:00,0.0
07/04/06 04:00,0.0
07/04/06 05:00,7.2
07/04/06 06:00,17.9
07/04/06 07:00,32.1
07/04/06 08:00,35.7
07/04/06 09:00,33.7
07/04/06 10:00,35.0
07/04/06 11:00,36.6
07/04/06 12:00,37.2
07/04/06 13:00,33.5
07/04/06 14:00,28.3
07/04/06 15:00,23.2
07/04/06 16:00,16.9
07/04/06 17:00,6.9
07/04/06 18:00,0.8
07/04/06 19:00,0.0
07/04/06 20:00,0.0
07/04/06 21:00,0.0
07/04/06 22:00,0.0
07/04/06 23:00,0.0
07/05/06 00:00,0.0
07/05/06 01:00,0.0
07/05/06 02:00,0.0
07/05/06 03:00,0.0
07/05/06 04:00,0.0
07/05/06 05:00,18.2
07/05/06 06:00,26.7
07/05/06 07:00,28.5
07/05/06 08:00,34.2
07/05/06 09:00,35.3
07/05/06 10:00,36.0
07/05/06 11:00,37.5
07/05/06 12:00,37.6
07/05/06 13:00,37.0
07/05/06 14:00,35.9
07/05/06 15:00,34.2
07/05/06 16:00,29.1
07/05/06 17:00,17.0
07/05/06 18:00,0.0
07/05/06 19:00,0.0
07/05/06 20:00,0.0
07/05/06 21:00,0.0
07/05/06 22:00,0.0
07/05/06 23:00,0.0
07/06/06 00:00,0.0
07/06/06 01:00,0.0
07/06/06 02:00,0.0
07/06/06 03:00,0.0
07/06/06 04:00,0.0
07/06/06 05:00,18.1
07/06/06 06:00,28.7
07/06/06 07:00,31.6
07/06/06 08:00,33.3
07/06/06 09:00,33.9
07/06/06 10:00,34.0
07/06/06 11:00,34.2
07/06/06 12:00,36.3
07/06/06 13:00,37.2
07/06/06 14:00,35.5
07/06/06 15:00,33.8
07/06/06 16:00,28.9
07/06/06 17:00,19.2
07/06/06 18:00,0.2
07/06/06 19:00,0.0
07/06/06 20:00,0.0
07/06/06 21:00,0.0
07/06/06 22:00,0.0
07/06/06 23:00,0.0
07/07/06 00:00,0.0
07/07/06 01:00,0.0
07/07/06 02:00,0.0
07/07/06 03:00,0.0
07/07/06 04:00,0.0
07/07/06 05:00,17.6
07/07/06 06:00,26.9
07/07/06 07:00,29.7
07/07/06 08:00,34.1
07/07/06 09:00,33.9
07/07/06 10:00,33.7
07/07/06 11:00,35.1
07/07/06 12:00,35.1
07/07/06 13:00,35.0
07/07/06 14:00,35.5
07/07/06 15:00,30.3
07/07/06 16:00,21.5
07/07/06 17:00,9.3
07/07/06 18:00,0.0
07/07/06 19:00,0.0
07/07/06 20:00,0.0
07/07/06 21:00,0.0
07/07/06 22:00,0.0
07/07/06 23:00,0.0
07/08/06 00:00,0.0
07/08/06 01:00,0.0
07/08/06 02:00,0.0
07/08/06 03:00,0.0
07/08/06 04:00,0.0
07/08/06 05:00,17.8
07/08/06 06:00,27.6
07/08/06 07:00,31.5
07/08/06 08:00,34.2
07/08/06 09:00,34.4
07/08/06 10:00,33.8
07/08/06 11:00,34.6
07/08/06 12:00,34.8
07/08/06 13:00,21.9
07/08/06 14:00,26.9
07/08/06 15:00,14.9
07/08/06 16:00,19.8
07/08/06 17:00,10.4
07/08/06 18:00,0.0
07/08/06 19:00,0.0
07/08/06 20:00,0.0
07/08/06 21:00,0.0
07/08/06 22:00,0.0
07/08/06 23:00,0.0
07/09/06 00:00,0.0
07/09/06 01:00,0.0
07/09/06 02:00,0.0
07/09/06 03:00,0.0
07/09/06 04:00,0.0
07/09/06 05:00,17.1
07/09/06 06:00,26.0
07/09/06 07:00,30.9
07/09/06 08:00,30.8
07/09/06 09:00,34.2
07/09/06 10:00,31.6
07/09/06 11:00,33.2
07/09/06 12:00,33.7
07/09/06 13:00,32.4
07/09/06 14:00,23.8
07/09/06 15:00,20.6
07/09/06 16:00,18.0
07/09/06 17:00,13.1
07/09/06 18:00,0.0
07/09/06 19:00,0.0
07/09/06 20:00,0.0
07/09/06 21:00,0.0
07/09/06 22:00,0.0
07/09/06 23:00,0.0
07/10/06 00:00,0.0
07/10/06 01:00,0.0
07/10/06 02:00,0.0
07/10/06 03:00,0.0
07/10/06 04:00,0.0
07/10/06 05:00,17.8
07/10/06 06:00,27.5
07/10/06 07:00,29.1
07/10/06 08:00,31.9
07/10/06 09:00,33.1
07/10/06 10:00,35.8
07/10/06 11:00,35.7
07/10/06 12:00,36.0
07/10/06 13:00,30.1
07/10/06 14:00,32.1
07/10/06 15:00,33.8
07/10/06 16:00,25.8
07/10/06 17:00,11.5
07/10/06 18:00,0.0
07/10/06 19:00,0.0
07/10/06 20:00,0.0
07/10/06 21:00,0.0
07/10/06 22:00,0.0
07/10/06 23:00,0.0
07/11/06 00:00,0.0
07/11/06 01:00,0.0
07/11/06 02:00,0.0
07/11/06 03:00,0.0
07/11/06 04:00,0.0
07/11/06 05:00,17.8
07/11/06 06:00,27.7
07/11/06 07:00,30.8
07/11/06 08:00,35.4
07/11/06 09:00,37.4
07/11/06 10:00,37.2
07/11/06 11:00,37.9
07/11/06 12:00,37.7
07/11/06 13:00,36.8
07/11/06 14:00,35.0
07/11/06 15:00,34.7
07/11/06 16:00,29.4
07/11/06 17:00,17.5
07/11/06 18:00,0.0
07/11/06 19:00,0.0
07/11/06 20:00,0.0
07/11/06 21:00,0.0
07/11/06 22:00,0.0
07/11/06 23:00,0.0
07/12/06 00:00,0.0
07/12/06 01:00,0.0
07/12/06 02:00,0.0
07/12/06 03:00,0.0
07/12/06 04:00,0.0
07/12/06 05:00,18.1
07/12/06 06:00,28.0
07/12/06 07:00,32.3
07/12/06 08:00,35.8
07/12/06 09:00,36.4
07/12/06 10:00,36.1
07/12/06 11:00,33.5
07/12/06 12:00,34.1
07/12/06 13:00,36.2
07/12/06 14:00,35.7
07/12/06 15:00,32.8
07/12/06 16:00,27.5
07/12/06 17:00,16.2
07/12/06 18:00,0.0
07/12/06 19:00,0.0
07/12/06 20:00,0.0
07/12/06 21:00,0.0
07/12/06 22:00,0.0
07/12/06 23:00,0.0
07/13/06 00:00,0.0
07/13/06 01:00,0.0
07/13/06 02:00,0.0
07/13/06 03:00,0.0
07/13/06 04:00,0.0
07/13/06 05:00,17.2
07/13/06 06:00,27.7
07/13/06 07:00,31.8
07/13/06 08:00,31.9
07/13/06 09:00,31.9
07/13/06 10:00,32.5
07/13/06 11:00,33.4
07/13/06 12:00,31.8
07/13/06 13:00,29.8
07/13/06 14:00,31.9
07/13/06 15:00,30.0
07/13/06 16:00,26.5
07/13/06 17:00,17.0
07/13/06 18:00,0.0
07/13/06 19:00,0.0
07/13/06 20:00,0.0
07/13/06 21:00,0.0
07/13/06 22:00,0.0
07/13/06 23:00,0.0
07/14/06 00:00,0.0
07/14/06 01:00,0.0
07/14/06 02:00,0.0
07/14/06 03:00,0.0
07/14/06 04:00,0.0
07/14/06 05:00,17.5
07/14/06 06:00,27.2
07/14/06 07:00,31.3
07/14/06 08:00,34.9
07/14/06 09:00,32.5
07/14/06 10:00,29.4
07/14/06 11:00,33.6
07/14/06 12:00,34.1
07/14/06 13:00,34.1
07/14/06 14:00,34.4
07/14/06 15:00,32.5
07/14/06 16:00,24.8
07/14/06 17:00,12.3
07/14/06 18:00,0.0
07/14/06 19:00,0.0
07/14/06 20:00,0.0
07/14/06 21:00,0.0
07/14/06 22:00,0.0
07/14/06 23:00,0.0
07/15/06 00:00,0.0
07/15/06 01:00,0.0
07/15/06 02:00,0.0
07/15/06 03:00,0.0
07/15/06 04:00,0.0
07/15/06 05:00,17.6
07/15/06 06:00,27.1
07/15/06 07:00,30.2
07/15/06 08:00,32.4
07/15/06 09:00,33.4
07/15/06 10:00,32.6
07/15/06 11:00,34.5
07/15/06 12:00,34.4
07/15/06 13:00,34.7
07/15/06 14:00,33.9
07/15/06 15:00,31.2
07/15/06 16:00,27.4
07/15/06 17:00,16.8
07/15/06 18:00,0.0
07/15/06 19:00,0.0
07/15/06 20:00,0.0
07/15/06 21:00,0.0
07/15/06 22:00,0.0
07/15/06 23:00,0.0
07/16/06 00:00,0.0
07/16/06 01:00,0.0
07/16/06 02:00,0.0
07/16/06 03:00,0.0
07/16/06 04:00,0.0
07/16/06 05:00,17.3
07/16/06 06:00,27.5
07/16/06 07:00,24.6
07/16/06 08:00,14.9
07/16/06 09:00,29.4
07/16/06 10:00,32.5
07/16/06 11:00,33.5
07/16/06 12:00,29.9
07/16/06 13:00,28.1
07/16/06 14:00,29.3
07/16/06 15:00,29.4
07/16/06 16:00,27.6
07/16/06 17:00,16.1
07/16/06 18:00,0.0
07/16/06 19:00,0.0
07/16/06 20:00,0.0
07/16/06 21:00,0.0
07/16/06 22:00,0.0
07/16/06 23:00,0.0
07/17/06 00:00,0.0
07/17/06 01:00,0.0
07/17/06 02:00,0.0
07/17/06 03:00,0.0
07/17/06 04:00,0.0
07/17/06 05:00,16.8
07/17/06 06:00,26.3
07/17/06 07:00,26.3
07/17/06 08:00,20.9
07/17/06 09:00,20.8
07/17/06 10:00,24.1
07/17/06 11:00,23.9
07/17/06 12:00,20.4
07/17/06 13:00,33.1
07/17/06 14:00,34.8
07/17/06 15:00,28.7
07/17/06 16:00,17.4
07/17/06 17:00,3.7
07/17/06 18:00,0.0
07/17/06 19:00,0.0
07/17/06 20:00,0.0
07/17/06 21:00,0.0
07/17/06 22:00,0.0
07/17/06 23:00,0.0
07/18/06 00:00,0.0
07/18/06 01:00,0.0
07/18/06 02:00,0.0
07/18/06 03:00,0.0
07/18/06 04:00,0.0
07/18/06 05:00,4.9
07/18/06 06:00,5.5
07/18/06 07:00,25.6
07/18/06 08:00,19.3
07/18/06 09:00,5.4
07/18/06 10:00,15.8
07/18/06 11:00,25.0
07/18/06 12:00,24.3
07/18/06 13:00,32.8
07/18/06 14:00,34.0
07/18/06 15:00,27.0
07/18/06 16:00,23.1
07/18/06 17:00,11.9
07/18/06 18:00,0.0
07/18/06 19:00,0.0
07/18/06 20:00,0.0
07/18/06 21:00,0.0
07/18/06 22:00,0.0
07/18/06 23:00,0.0
07/19/06 00:00,0.0
07/19/06 01:00,0.0
07/19/06 02:00,0.0
07/19/06 03:00,0.0
07/19/06 04:00,0.0
07/19/06 05:00,17.2
07/19/06 06:00,27.6
07/19/06 07:00,22.6
07/19/06 08:00,30.9
07/19/06 09:00,32.9
07/19/06 10:00,30.7
07/19/06 11:00,30.8
07/19/06 12:00,34.2
07/19/06 13:00,31.2
07/19/06 14:00,28.3
07/19/06 15:00,33.3
07/19/06 16:00,24.9
07/19/06 17:00,13.3
07/19/06 18:00,0.0
07/19/06 19:00,0.0
07/19/06 20:00,0.0
07/19/06 21:00,0.0
07/19/06 22:00,0.0
07/19/06 23:00,0.0
07/20/06 00:00,0.0
07/20/06 01:00,0.0
07/20/06 02:00,0.0
07/20/06 03:00,0.0
07/20/06 04:00,0.0
07/20/06 05:00,16.9
07/20/06 06:00,26.2
07/20/06 07:00,26.3
07/20/06 08:00,34.6
07/20/06 09:00,33.7
07/20/06 10:00,33.8
07/20/06 11:00,32.7
07/20/06 12:00,34.0
07/20/06 13:00,24.6
07/20/06 14:00,19.2
07/20/06 15:00,17.4
07/20/06 16:00,8.9
07/20/06 17:00,7.2
07/20/06 18:00,0.0
07/20/06 19:00,0.0
07/20/06 20:00,0.0
07/20/06 21:00,0.0
07/20/06 22:00,0.0
07/20/06 23:00,0.0
07/21/06 00:00,0.0
07/21/06 01:00,0.0
07/21/06 02:00,0.0
07/21/06 03:00,0.0
07/21/06 04:00,0.0
07/21/06 05:00,4.5
07/21/06 06:00,12.5
07/21/06 07:00,22.6
07/21/06 08:00,10.8
07/21/06 09:00,21.7
07/21/06 10:00,23.2
07/21/06 11:00,23.2
07/21/06 12:00,32.1
07/21/06 13:00,34.1
07/21/06 14:00,28.0
07/21/06 15:00,18.7
07/21/06 16:00,22.8
07/21/06 17:00,15.4
07/21/06 18:00,0.0
07/21/06 19:00,0.0
07/21/06 20:00,0.0
07/21/06 21:00,0.0
07/21/06 22:00,0.0
07/21/06 23:00,0.0
07/22/06 00:00,0.0
07/22/06 01:00,0.0
07/22/06 02:00,0.0
07/22/06 03:00,0.0
07/22/06 04:00,0.0
07/22/06 05:00,16.8
07/22/06 06:00,26.9
07/22/06 07:00,25.6
07/22/06 08:00,29.8
07/22/06 09:00,32.0
07/22/06 10:00,35.2
07/22/06 11:00,36.3
07/22/06 12:00,36.2
07/22/06 13:00,31.7
07/22/06 14:00,10.5
07/22/06 15:00,8.5
07/22/06 16:00,5.2
07/22/06 17:00,3.4
07/22/06 18:00,0.0
07/22/06 19:00,0.0
07/22/06 20:00,0.0
07/22/06 21:00,0.0
07/22/06 22:00,0.0
07/22/06 23:00,0.0
07/23/06 00:00,0.0
07/23/06 01:00,0.0
07/23/06 02:00,0.0
07/23/06 03:00,0.0
07/23/06 04:00,0.0
07/23/06 05:00,14.7
07/23/06 06:00,24.2
07/23/06 07:00,24.8
07/23/06 08:00,15.1
07/23/06 09:00,30.3
07/23/06 10:00,33.1
07/23/06 11:00,33.8
07/23/06 12:00,34.4
07/23/06 13:00,29.8
07/23/06 14:00,15.7
07/23/06 15:00,6.8
07/23/06 16:00,13.0
07/23/06 17:00,8.0
07/23/06 18:00,0.0
07/23/06 19:00,0.0
07/23/06 20:00,0.0
07/23/06 21:00,0.0
07/23/06 22:00,0.0
07/23/06 23:00,0.0
07/24/06 00:00,0.0
07/24/06 01:00,0.0
07/24/06 02:00,0.0
07/24/06 03:00,0.0
07/24/06 04:00,0.0
07/24/06 05:00,9.6
07/24/06 06:00,6.4
07/24/06 07:00,25.7
07/24/06 08:00,31.1
07/24/06 09:00,32.8
07/24/06 10:00,31.8
07/24/06 11:00,27.6
07/24/06 12:00,22.5
07/24/06 13:00,18.3
07/24/06 14:00,12.3
07/24/06 15:00,24.7
07/24/06 16:00,15.3
07/24/06 17:00,6.2
07/24/06 18:00,0.0
07/24/06 19:00,0.0
07/24/06 20:00,0.0
07/24/06 21:00,0.0
07/24/06 22:00,0.0
07/24/06 23:00,0.0
07/25/06 00:00,0.0
07/25/06 01:00,0.0
07/25/06 02:00,0.0
07/25/06 03:00,0.0
07/25/06 04:00,0.0
07/25/06 05:00,15.9
07/25/06 06:00,26.3
07/25/06 07:00,18.8
07/25/06 08:00,21.2
07/25/06 09:00,31.5
07/25/06 10:00,34.1
07/25/06 11:00,34.8
07/25/06 12:00,35.2
07/25/06 13:00,34.9
07/25/06 14:00,29.7
07/25/06 15:00,21.9
07/25/06 16:00,8.3
07/25/06 17:00,4.6
07/25/06 18:00,0.0
07/25/06 19:00,0.0
07/25/06 20:00,0.0
07/25/06 21:00,0.0
07/25/06 22:00,0.0
07/25/06 23:00,0.0
07/26/06 00:00,0.0
07/26/06 01:00,0.0
07/26/06 02:00,0.0
07/26/06 03:00,0.0
07/26/06 04:00,0.0
07/26/06 05:00,16.3
07/26/06 06:00,27.6
07/26/06 07:00,18.7
07/26/06 08:00,22.3
07/26/06 09:00,16.2
07/26/06 10:00,19.3
07/26/06 11:00,28.2
07/26/06 12:00,33.7
07/26/06 13:00,34.3
07/26/06 14:00,32.5
07/26/06 15:00,31.8
07/26/06 16:00,23.7
07/26/06 17:00,9.0
07/26/06 18:00,0.0
07/26/06 19:00,0.0
07/26/06 20:00,0.0
07/26/06 21:00,0.0
07/26/06 22:00,0.0
07/26/06 23:00,0.0
07/27/06 00:00,0.0
07/27/06 01:00,0.0
07/27/06 02:00,0.0
07/27/06 03:00,0.0
07/27/06 04:00,0.0
07/27/06 05:00,15.5
07/27/06 06:00,28.0
07/27/06 07:00,27.3
07/27/06 08:00,36.1
07/27/06 09:00,36.5
07/27/06 10:00,37.1
07/27/06 11:00,37.1
07/27/06 12:00,36.6
07/27/06 13:00,36.7
07/27/06 14:00,35.4
07/27/06 15:00,33.1
07/27/06 16:00,24.6
07/27/06 17:00,10.4
07/27/06 18:00,0.0
07/27/06 19:00,0.0
07/27/06 20:00,0.0
07/27/06 21:00,0.0
07/27/06 22:00,0.0
07/27/06 23:00,0.0
07/28/06 00:00,0.0
07/28/06 01:00,0.0
07/28/06 02:00,0.0
07/28/06 03:00,0.0
07/28/06 04:00,0.0
07/28/06 05:00,15.0
07/28/06 06:00,26.8
07/28/06 07:00,29.5
07/28/06 08:00,34.2
07/28/06 09:00,32.8
07/28/06 10:00,35.4
07/28/06 11:00,37.1
07/28/06 12:00,37.2
07/28/06 13:00,35.7
07/28/06 14:00,33.6
07/28/06 15:00,31.1
07/28/06 16:00,25.8
07/28/06 17:00,13.4
07/28/06 18:00,0.0
07/28/06 19:00,0.0
07/28/06 20:00,0.0
07/28/06 21:00,0.0
07/28/06 22:00,0.0
07/28/06 23:00,0.0
07/29/06 00:00,0.0
07/29/06 01:00,0.0
07/29/06 02:00,0.0
07/29/06 03:00,0.0
07/29/06 04:00,0.0
07/29/06 05:00,14.4
07/29/06 06:00,26.0
07/29/06 07:00,28.6
07/29/06 08:00,36.7
07/29/06 09:00,36.9
07/29/06 10:00,34.1
07/29/06 11:00,35.7
07/29/06 12:00,38.2
07/29/06 13:00,35.4
07/29/06 14:00,35.2
07/29/06 15:00,35.5
07/29/06 16:00,29.3
07/29/06 17:00,15.5
07/29/06 18:00,0.0
07/29/06 19:00,0.0
07/29/06 20:00,0.0
07/29/06 21:00,0.0
07/29/06 22:00,0.0
07/29/06 23:00,0.0
07/30/06 00:00,0.0
07/30/06 01:00,0.0
07/30/06 02:00,0.0
07/30/06 03:00,0.0
07/30/06 04:00,0.0
07/30/06 05:00,15.9
07/30/06 06:00,28.7
07/30/06 07:00,16.6
07/30/06 08:00,19.8
07/30/06 09:00,35.8
07/30/06 10:00,37.7
07/30/06 11:00,37.8
07/30/06 12:00,37.3
07/30/06 13:00,37.0
07/30/06 14:00,37.1
07/30/06 15:00,34.7
07/30/06 16:00,28.8
07/30/06 17:00,15.4
07/30/06 18:00,0.0
07/30/06 19:00,0.0
07/30/06 20:00,0.0
07/30/06 21:00,0.0
07/30/06 22:00,0.0
07/30/06 23:00,0.0
07/31/06 00:00,0.0
07/31/06 01:00,0.0
07/31/06 02:00,0.0
07/31/06 03:00,0.0
07/31/06 04:00,0.0
07/31/06 05:00,16.5
07/31/06 06:00,29.3
07/31/06 07:00,32.6
07/31/06 08:00,36.0
07/31/06 09:00,37.2
07/31/06 10:00,36.0
07/31/06 11:00,34.4
07/31/06 12:00,36.4
07/31/06 13:00,34.7
07/31/06 14:00,36.5
07/31/06 15:00,34.2
07/31/06 16:00,27.7
07/31/06 17:00,12.3
07/31/06 18:00,0.0
07/31/06 19:00,0.0
07/31/06 20:00,0.0
07/31/06 21:00,0.0
07/31/06 22:00,0.0
07/31/06 23:00,0.0
08/01/06 00:00,0.0
08/01/06 01:00,0.0
08/01/06 02:00,0.0
08/01/06 03:00,0.0
08/01/06 04:00,0.0
08/01/06 05:00,16.2
08/01/06 06:00,28.4
08/01/06 07:00,27.8
08/01/06 08:00,36.4
08/01/06 09:00,37.1
08/01/06 10:00,37.5
08/01/06 11:00,36.6
08/01/06 12:00,36.5
08/01/06 13:00,37.4
08/01/06 14:00,36.2
08/01/06 15:00,32.6
08/01/06 16:00,28.4
08/01/06 17:00,13.0
08/01/06 18:00,0.0
08/01/06 19:00,0.0
08/01/06 20:00,0.0
08/01/06 21:00,0.0
08/01/06 22:00,0.0
08/01/06 23:00,0.0
08/02/06 00:00,0.0
08/02/06 01:00,0.0
08/02/06 02:00,0.0
08/02/06 03:00,0.0
08/02/06 04:00,0.0
08/02/06 05:00,16.0
08/02/06 06:00,28.2
08/02/06 07:00,27.0
08/02/06 08:00,35.6
08/02/06 09:00,35.8
08/02/06 10:00,33.9
08/02/06 11:00,34.5
08/02/06 12:00,37.0
08/02/06 13:00,38.2
08/02/06 14:00,37.6
08/02/06 15:00,34.5
08/02/06 16:00,28.0
08/02/06 17:00,13.6
08/02/06 18:00,0.0
08/02/06 19:00,0.0
08/02/06 20:00,0.0
08/02/06 21:00,0.0
08/02/06 22:00,0.0
08/02/06 23:00,0.0
08/03/06 00:00,0.0
08/03/06 01:00,0.0
08/03/06 02:00,0.0
08/03/06 03:00,0.0
08/03/06 04:00,0.0
08/03/06 05:00,15.3
08/03/06 06:00,26.9
08/03/06 07:00,27.9
08/03/06 08:00,31.9
08/03/06 09:00,31.3
08/03/06 10:00,32.1
08/03/06 11:00,34.6
08/03/06 12:00,35.1
08/03/06 13:00,35.6
08/03/06 14:00,34.2
08/03/06 15:00,32.7
08/03/06 16:00,25.5
08/03/06 17:00,10.4
08/03/06 18:00,0.0
08/03/06 19:00,0.0
08/03/06 20:00,0.0
08/03/06 21:00,0.0
08/03/06 22:00,0.0
08/03/06 23:00,0.0
08/04/06 00:00,0.0
08/04/06 01:00,0.0
08/04/06 02:00,0.0
08/04/06 03:00,0.0
08/04/06 04:00,0.0
08/04/06 05:00,15.1
08/04/06 06:00,27.3
08/04/06 07:00,28.6
08/04/06 08:00,34.4
08/04/06 09:00,35.1
08/04/06 10:00,36.9
08/04/06 11:00,35.7
08/04/06 12:00,37.0
08/04/06 13:00,34.3
08/04/06 14:00,29.4
08/04/06 15:00,29.4
08/04/06 16:00,28.6
08/04/06 17:00,12.3
08/04/06 18:00,0.0
08/04/06 19:00,0.0
08/04/06 20:00,0.0
08/04/06 21:00,0.0
08/04/06 22:00,0.0
08/04/06 23:00,0.0
08/05/06 00:00,0.0
08/05/06 01:00,0.0
08/05/06 02:00,0.0
08/05/06 03:00,0.0
08/05/06 04:00,0.0
08/05/06 05:00,15.2
08/05/06 06:00,26.3
08/05/06 07:00,27.7
08/05/06 08:00,34.1
08/05/06 09:00,35.2
08/05/06 10:00,35.8
08/05/06 11:00,36.4
08/05/06 12:00,38.0
08/05/06 13:00,38.3
08/05/06 14:00,37.2
08/05/06 15:00,34.8
08/05/06 16:00,25.9
08/05/06 17:00,10.0
08/05/06 18:00,0.0
08/05/06 19:00,0.0
08/05/06 20:00,0.0
08/05/06 21:00,0.0
08/05/06 22:00,0.0
08/05/06 23:00,0.0
08/06/06 00:00,0.0
08/06/06 01:00,0.0
08/06/06 02:00,0.0
08/06/06 03:00,0.0
08/06/06 04:00,0.0
08/06/06 05:00,14.6
08/06/06 06:00,25.6
08/06/06 07:00,27.7
08/06/06 08:00,34.3
08/06/06 09:00,37.8
08/06/06 10:00,38.7
08/06/06 11:00,38.7
08/06/06 12:00,35.9
08/06/06 13:00,37.6
08/06/06 14:00,36.2
08/06/06 15:00,32.8
08/06/06 16:00,26.3
08/06/06 17:00,11.9
08/06/06 18:00,0.0
08/06/06 19:00,0.0
08/06/06 20:00,0.0
08/06/06 21:00,0.0
08/06/06 22:00,0.0
08/06/06 23:00,0.0
08/07/06 00:00,0.0
08/07/06 01:00,0.0
08/07/06 02:00,0.0
08/07/06 03:00,0.0
08/07/06 04:00,0.0
08/07/06 05:00,14.1
08/07/06 06:00,27.1
08/07/06 07:00,26.0
08/07/06 08:00,28.4
08/07/06 09:00,33.6
08/07/06 10:00,38.0
08/07/06 11:00,38.4
08/07/06 12:00,38.0
08/07/06 13:00,37.8
08/07/06 14:00,32.6
08/07/06 15:00,32.6
08/07/06 16:00,27.3
08/07/06 17:00,11.9
08/07/06 18:00,0.0
08/07/06 19:00,0.0
08/07/06 20:00,0.0
08/07/06 21:00,0.0
08/07/06 22:00,0.0
08/07/06 23:00,0.0
08/08/06 00:00,0.0
08/08/06 01:00,0.0
08/08/06 02:00,0.0
08/08/06 03:00,0.0
08/08/06 04:00,0.0
08/08/06 05:00,14.2
08/08/06 06:00,27.1
08/08/06 07:00,24.8
08/08/06 08:00,35.4
08/08/06 09:00,35.7
08/08/06 10:00,34.6
08/08/06 11:00,34.7
08/08/06 12:00,36.6
08/08/06 13:00,37.2
08/08/06 14:00,37.0
08/08/06 15:00,33.8
08/08/06 16:00,25.2
08/08/06 17:00,10.2
08/08/06 18:00,0.0
08/08/06 19:00,0.0
08/08/06 20:00,0.0
08/08/06 21:00,0.0
08/08/06 22:00,0.0
08/08/06 23:00,0.0
08/09/06 00:00,0.0
08/09/06 01:00,0.0
08/09/06 02:00,0.0
08/09/06 03:00,0.0
08/09/06 04:00,0.0
08/09/06 05:00,14.2
08/09/06 06:00,25.5
08/09/06 07:00,27.9
08/09/06 08:00,31.0
08/09/06 09:00,31.0
08/09/06 10:00,30.9
08/09/06 11:00,32.4
08/09/06 12:00,35.4
08/09/06 13:00,35.3
08/09/06 14:00,31.3
08/09/06 15:00,27.4
08/09/06 16:00,20.7
08/09/06 17:00,6.8
08/09/06 18:00,0.0
08/09/06 19:00,0.0
08/09/06 20:00,0.0
08/09/06 21:00,0.0
08/09/06 22:00,0.0
08/09/06 23:00,0.0
08/10/06 00:00,0.0
08/10/06 01:00,0.0
08/10/06 02:00,0.0
08/10/06 03:00,0.0
08/10/06 04:00,0.0
08/10/06 05:00,13.9
08/10/06 06:00,26.1
08/10/06 07:00,29.8
08/10/06 08:00,33.2
08/10/06 09:00,28.9
08/10/06 10:00,28.1
08/10/06 11:00,32.2
08/10/06 12:00,33.3
08/10/06 13:00,31.8
08/10/06 14:00,29.3
08/10/06 15:00,25.6
08/10/06 16:00,18.7
08/10/06 17:00,7.8
08/10/06 18:00,0.0
08/10/06 19:00,0.0
08/10/06 20:00,0.0
08/10/06 21:00,0.0
08/10/06 22:00,0.0
08/10/06 23:00,0.0
08/11/06 00:00,0.0
08/11/06 01:00,0.0
08/11/06 02:00,0.0
08/11/06 03:00,0.0
08/11/06 04:00,0.0
08/11/06 05:00,12.9
08/11/06 06:00,24.3
08/11/06 07:00,29.9
08/11/06 08:00,32.8
08/11/06 09:00,32.7
08/11/06 10:00,29.6
08/11/06 11:00,29.0
08/11/06 12:00,25.1
08/11/06 13:00,30.8
08/11/06 14:00,33.5
08/11/06 15:00,32.7
08/11/06 16:00,24.0
08/11/06 17:00,7.9
08/11/06 18:00,0.0
08/11/06 19:00,0.0
08/11/06 20:00,0.0
08/11/06 21:00,0.0
08/11/06 22:00,0.0
08/11/06 23:00,0.0
08/12/06 00:00,0.0
08/12/06 01:00,0.0
08/12/06 02:00,0.0
08/12/06 03:00,0.0
08/12/06 04:00,0.0
08/12/06 05:00,12.2
08/12/06 06:00,24.3
08/12/06 07:00,27.4
08/12/06 08:00,31.5
08/12/06 09:00,32.1
08/12/06 10:00,35.3
08/12/06 11:00,36.0
08/12/06 12:00,37.5
08/12/06 13:00,36.4
08/12/06 14:00,31.9
08/12/06 15:00,31.3
08/12/06 16:00,25.1
08/12/06 17:00,9.3
08/12/06 18:00,0.0
08/12/06 19:00,0.0
08/12/06 20:00,0.0
08/12/06 21:00,0.0
08/12/06 22:00,0.0
08/12/06 23:00,0.0
08/13/06 00:00,0.0
08/13/06 01:00,0.0
08/13/06 02:00,0.0
08/13/06 03:00,0.0
08/13/06 04:00,0.0
08/13/06 05:00,13.7
08/13/06 06:00,26.8
08/13/06 07:00,27.9
08/13/06 08:00,34.0
08/13/06 09:00,36.2
08/13/06 10:00,37.3
08/13/06 11:00,36.8
08/13/06 12:00,36.6
08/13/06 13:00,38.2
08/13/06 14:00,36.1
08/13/06 15:00,33.9
08/13/06 16:00,25.3
08/13/06 17:00,8.3
08/13/06 18:00,0.0
08/13/06 19:00,0.0
08/13/06 20:00,0.0
08/13/06 21:00,0.0
08/13/06 22:00,0.0
08/13/06 23:00,0.0
08/14/06 00:00,0.0
08/14/06 01:00,0.0
08/14/06 02:00,0.0
08/14/06 03:00,0.0
08/14/06 04:00,0.0
08/14/06 05:00,13.1
08/14/06 06:00,25.6
08/14/06 07:00,28.6
08/14/06 08:00,32.2
08/14/06 09:00,33.0
08/14/06 10:00,33.0
08/14/06 11:00,34.5
08/14/06 12:00,36.7
08/14/06 13:00,35.1
08/14/06 14:00,34.5
08/14/06 15:00,30.6
08/14/06 16:00,24.1
08/14/06 17:00,8.2
08/14/06 18:00,0.0
08/14/06 19:00,0.0
08/14/06 20:00,0.0
08/14/06 21:00,0.0
08/14/06 22:00,0.0
08/14/06 23:00,0.0
08/15/06 00:00,0.0
08/15/06 01:00,0.0
08/15/06 02:00,0.0
08/15/06 03:00,0.0
08/15/06 04:00,0.0
08/15/06 05:00,13.4
08/15/06 06:00,27.5
08/15/06 07:00,28.1
08/15/06 08:00,32.6
08/15/06 09:00,35.5
08/15/06 10:00,36.8
08/15/06 11:00,38.6
08/15/06 12:00,39.4
08/15/06 13:00,35.5
08/15/06 14:00,35.6
08/15/06 15:00,35.6
08/15/06 16:00,25.8
08/15/06 17:00,8.0
08/15/06 18:00,0.0
08/15/06 19:00,0.0
08/15/06 20:00,0.0
08/15/06 21:00,0.0
08/15/06 22:00,0.0
08/15/06 23:00,0.0
08/16/06 00:00,0.0
08/16/06 01:00,0.0
08/16/06 02:00,0.0
08/16/06 03:00,0.0
08/16/06 04:00,0.0
08/16/06 05:00,13.1
08/16/06 06:00,25.9
08/16/06 07:00,29.5
08/16/06 08:00,36.9
08/16/06 09:00,35.0
08/16/06 10:00,32.4
08/16/06 11:00,35.5
08/16/06 12:00,34.3
08/16/06 13:00,33.0
08/16/06 14:00,35.8
08/16/06 15:00,34.2
08/16/06 16:00,25.3
08/16/06 17:00,8.0
08/16/06 18:00,0.0
08/16/06 19:00,0.0
08/16/06 20:00,0.0
08/16/06 21:00,0.0
08/16/06 22:00,0.0
08/16/06 23:00,0.0
08/17/06 00:00,0.0
08/17/06 01:00,0.0
08/17/06 02:00,0.0
08/17/06 03:00,0.0
08/17/06 04:00,0.0
08/17/06 05:00,12.9
08/17/06 06:00,27.5
08/17/06 07:00,30.5
08/17/06 08:00,36.0
08/17/06 09:00,35.6
08/17/06 10:00,37.5
08/17/06 11:00,37.0
08/17/06 12:00,37.1
08/17/06 13:00,37.9
08/17/06 14:00,37.0
08/17/06 15:00,34.4
08/17/06 16:00,25.8
08/17/06 17:00,5.8
08/17/06 18:00,0.0
08/17/06 19:00,0.0
08/17/06 20:00,0.0
08/17/06 21:00,0.0
08/17/06 22:00,0.0
08/17/06 23:00,0.0
08/18/06 00:00,0.0
08/18/06 01:00,0.0
08/18/06 02:00,0.0
08/18/06 03:00,0.0
08/18/06 04:00,0.0
08/18/06 05:00,12.9
08/18/06 06:00,25.8
08/18/06 07:00,28.9
08/18/06 08:00,33.1
08/18/06 09:00,32.3
08/18/06 10:00,34.3
08/18/06 11:00,38.0
08/18/06 12:00,38.6
08/18/06 13:00,35.9
08/18/06 14:00,36.7
08/18/06 15:00,34.5
08/18/06 16:00,26.3
08/18/06 17:00,7.7
08/18/06 18:00,0.0
08/18/06 19:00,0.0
08/18/06 20:00,0.0
08/18/06 21:00,0.0
08/18/06 22:00,0.0
08/18/06 23:00,0.0
08/19/06 00:00,0.0
08/19/06 01:00,0.0
08/19/06 02:00,0.0
08/19/06 03:00,0.0
08/19/06 04:00,0.0
08/19/06 05:00,13.0
08/19/06 06:00,26.0
08/19/06 07:00,29.1
08/19/06 08:00,32.8
08/19/06 09:00,31.1
08/19/06 10:00,30.3
08/19/06 11:00,34.0
08/19/06 12:00,37.5
08/19/06 13:00,37.7
08/19/06 14:00,36.1
08/19/06 15:00,34.2
08/19/06 16:00,27.3
08/19/06 17:00,8.7
08/19/06 18:00,0.0
08/19/06 19:00,0.0
08/19/06 20:00,0.0
08/19/06 21:00,0.0
08/19/06 22:00,0.0
08/19/06 23:00,0.0
08/20/06 00:00,0.0
08/20/06 01:00,0.0
08/20/06 02:00,0.0
08/20/06 03:00,0.0
08/20/06 04:00,0.0
08/20/06 05:00,12.7
08/20/06 06:00,27.4
08/20/06 07:00,27.4
08/20/06 08:00,33.1
08/20/06 09:00,33.6
08/20/06 10:00,35.4
08/20/06 11:00,35.9
08/20/06 12:00,37.2
08/20/06 13:00,36.6
08/20/06 14:00,36.4
08/20/06 15:00,33.0
08/20/06 16:00,26.5
08/20/06 17:00,8.2
08/20/06 18:00,0.0
08/20/06 19:00,0.0
08/20/06 20:00,0.0
08/20/06 21:00,0.0
08/20/06 22:00,0.0
08/20/06 23:00,0.0
08/21/06 00:00,0.0
08/21/06 01:00,0.0
08/21/06 02:00,0.0
08/21/06 03:00,0.0
08/21/06 04:00,0.0
08/21/06 05:00,12.4
08/21/06 06:00,27.0
08/21/06 07:00,29.2
08/21/06 08:00,33.9
08/21/06 09:00,34.3
08/21/06 10:00,34.5
08/21/06 11:00,35.4
08/21/06 12:00,37.1
08/21/06 13:00,36.0
08/21/06 14:00,35.1
08/21/06 15:00,33.0
08/21/06 16:00,22.8
08/21/06 17:00,5.4
08/21/06 18:00,0.0
08/21/06 19:00,0.0
08/21/06 20:00,0.0
08/21/06 21:00,0.0
08/21/06 22:00,0.0
08/21/06 23:00,0.0
08/22/06 00:00,0.0
08/22/06 01:00,0.0
08/22/06 02:00,0.0
08/22/06 03:00,0.0
08/22/06 04:00,0.0
08/22/06 05:00,11.8
08/22/06 06:00,24.9
08/22/06 07:00,26.8
08/22/06 08:00,33.3
08/22/06 09:00,32.9
08/22/06 10:00,34.7
08/22/06 11:00,34.9
08/22/06 12:00,35.7
08/22/06 13:00,35.2
08/22/06 14:00,34.7
08/22/06 15:00,15.4
08/22/06 16:00,9.5
08/22/06 17:00,3.5
08/22/06 18:00,0.0
08/22/06 19:00,0.0
08/22/06 20:00,0.0
08/22/06 21:00,0.0
08/22/06 22:00,0.0
08/22/06 23:00,0.0
08/23/06 00:00,0.0
08/23/06 01:00,0.0
08/23/06 02:00,0.0
08/23/06 03:00,0.0
08/23/06 04:00,0.0
08/23/06 05:00,11.4
08/23/06 06:00,25.0
08/23/06 07:00,29.6
08/23/06 08:00,34.4
08/23/06 09:00,32.9
08/23/06 10:00,34.8
08/23/06 11:00,35.5
08/23/06 12:00,33.7
08/23/06 13:00,35.2
08/23/06 14:00,35.0
08/23/06 15:00,33.7
08/23/06 16:00,26.1
08/23/06 17:00,7.1
08/23/06 18:00,0.0
08/23/06 19:00,0.0
08/23/06 20:00,0.0
08/23/06 21:00,0.0
08/23/06 22:00,0.0
08/23/06 23:00,0.0
08/24/06 00:00,0.0
08/24/06 01:00,0.0
08/24/06 02:00,0.0
08/24/06 03:00,0.0
08/24/06 04:00,0.0
08/24/06 05:00,11.2
08/24/06 06:00,26.3
08/24/06 07:00,30.8
08/24/06 08:00,34.8
08/24/06 09:00,30.4
08/24/06 10:00,34.6
08/24/06 11:00,36.3
08/24/06 12:00,35.9
08/24/06 13:00,36.8
08/24/06 14:00,35.4
08/24/06 15:00,33.4
08/24/06 16:00,25.7
08/24/06 17:00,6.1
08/24/06 18:00,0.0
08/24/06 19:00,0.0
08/24/06 20:00,0.0
08/24/06 21:00,0.0
08/24/06 22:00,0.0
08/24/06 23:00,0.0
08/25/06 00:00,0.0
08/25/06 01:00,0.0
08/25/06 02:00,0.0
08/25/06 03:00,0.0
08/25/06 04:00,0.0
08/25/06 05:00,11.7
08/25/06 06:00,27.3
08/25/06 07:00,27.8
08/25/06 08:00,33.9
08/25/06 09:00,37.2
08/25/06 10:00,37.5
08/25/06 11:00,34.5
08/25/06 12:00,35.5
08/25/06 13:00,35.6
08/25/06 14:00,33.5
08/25/06 15:00,32.2
08/25/06 16:00,26.9
08/25/06 17:00,6.2
08/25/06 18:00,0.0
08/25/06 19:00,0.0
08/25/06 20:00,0.0
08/25/06 21:00,0.0
08/25/06 22:00,0.0
08/25/06 23:00,0.0
08/26/06 00:00,0.0
08/26/06 01:00,0.0
08/26/06 02:00,0.0
08/26/06 03:00,0.0
08/26/06 04:00,0.0
08/26/06 05:00,11.6
08/26/06 06:00,27.2
08/26/06 07:00,28.6
08/26/06 08:00,35.7
08/26/06 09:00,36.3
08/26/06 10:00,36.2
08/26/06 11:00,36.7
08/26/06 12:00,35.6
08/26/06 13:00,36.5
08/26/06 14:00,37.3
08/26/06 15:00,33.8
08/26/06 16:00,23.4
08/26/06 17:00,2.8
08/26/06 18:00,0.0
08/26/06 19:00,0.0
08/26/06 20:00,0.0
08/26/06 21:00,0.0
08/26/06 22:00,0.0
08/26/06 23:00,0.0
08/27/06 00:00,0.0
08/27/06 01:00,0.0
08/27/06 02:00,0.0
08/27/06 03:00,0.0
08/27/06 04:00,0.0
08/27/06 05:00,11.8
08/27/06 06:00,28.9
08/27/06 07:00,30.6
08/27/06 08:00,33.0
08/27/06 09:00,35.5
08/27/06 10:00,35.9
08/27/06 11:00,36.7
08/27/06 12:00,36.3
08/27/06 13:00,32.5
08/27/06 14:00,35.0
08/27/06 15:00,28.9
08/27/06 16:00,22.8
08/27/06 17:00,5.8
08/27/06 18:00,0.0
08/27/06 19:00,0.0
08/27/06 20:00,0.0
08/27/06 21:00,0.0
08/27/06 22:00,0.0
08/27/06 23:00,0.0
08/28/06 00:00,0.0
08/28/06 01:00,0.0
08/28/06 02:00,0.0
08/28/06 03:00,0.0
08/28/06 04:00,0.0
08/28/06 05:00,11.5
08/28/06 06:00,26.7
08/28/06 07:00,29.3
08/28/06 08:00,32.9
08/28/06 09:00,35.2
08/28/06 10:00,36.2
08/28/06 11:00,35.3
08/28/06 12:00,35.0
08/28/06 13:00,34.5
08/28/06 14:00,32.0
08/28/06 15:00,30.3
08/28/06 16:00,25.2
08/28/06 17:00,5.1
08/28/06 18:00,0.0
08/28/06 19:00,0.0
08/28/06 20:00,0.0
08/28/06 21:00,0.0
08/28/06 22:00,0.0
08/28/06 23:00,0.0
08/29/06 00:00,0.0
08/29/06 01:00,0.0
08/29/06 02:00,0.0
08/29/06 03:00,0.0
08/29/06 04:00,0.0
08/29/06 05:00,11.1
08/29/06 06:00,26.3
08/29/06 07:00,29.3
08/29/06 08:00,35.0
08/29/06 09:00,36.5
08/29/06 10:00,37.3
08/29/06 11:00,37.6
08/29/06 12:00,37.2
08/29/06 13:00,37.5
08/29/06 14:00,33.9
08/29/06 15:00,32.9
08/29/06 16:00,25.4
08/29/06 17:00,4.8
08/29/06 18:00,0.0
08/29/06 19:00,0.0
08/29/06 20:00,0.0
08/29/06 21:00,0.0
08/29/06 22:00,0.0
08/29/06 23:00,0.0
08/30/06 00:00,0.0
08/30/06 01:00,0.0
08/30/06 02:00,0.0
08/30/06 03:00,0.0
08/30/06 04:00,0.0
08/30/06 05:00,10.8
08/30/06 06:00,26.1
08/30/06 07:00,29.7
08/30/06 08:00,34.0
08/30/06 09:00,35.9
08/30/06 10:00,36.0
08/30/06 11:00,34.0
08/30/06 12:00,34.3
08/30/06 13:00,35.6
08/30/06 14:00,36.6
08/30/06 15:00,26.8
08/30/06 16:00,23.8
08/30/06 17:00,3.8
08/30/06 18:00,0.0
08/30/06 19:00,0.0
08/30/06 20:00,0.0
08/30/06 21:00,0.0
08/30/06 22:00,0.0
08/30/06 23:00,0.0
08/31/06 00:00,0.0
08/31/06 01:00,0.0
08/31/06 02:00,0.0
08/31/06 03:00,0.0
08/31/06 04:00,0.0
08/31/06 05:00,10.7
08/31/06 06:00,25.0
08/31/06 07:00,29.6
08/31/06 08:00,33.0
08/31/06 09:00,35.0
08/31/06 10:00,34.0
08/31/06 11:00,36.2
08/31/06 12:00,34.0
08/31/06 13:00,34.6
08/31/06 14:00,35.1
08/31/06 15:00,32.6
08/31/06 16:00,19.1
08/31/06 17:00,0.1
08/31/06 18:00,0.0
08/31/06 19:00,0.0
08/31/06 20:00,0.0
08/31/06 21:00,0.0
08/31/06 22:00,0.0
08/31/06 23:00,0.0
09/01/06 00:00,0.0
09/01/06 01:00,0.0
09/01/06 02:00,0.0
09/01/06 03:00,0.0
09/01/06 04:00,0.0
09/01/06 05:00,11.0
09/01/06 06:00,26.8
09/01/06 07:00,27.6
09/01/06 08:00,34.2
09/01/06 09:00,36.0
09/01/06 10:00,33.9
09/01/06 11:00,34.2
09/01/06 12:00,34.3
09/01/06 13:00,33.1
09/01/06 14:00,32.6
09/01/06 15:00,29.5
09/01/06 16:00,22.8
09/01/06 17:00,2.8
09/01/06 18:00,0.0
09/01/06 19:00,0.0
09/01/06 20:00,0.0
09/01/06 21:00,0.0
09/01/06 22:00,0.0
09/01/06 23:00,0.0
09/02/06 00:00,0.0
09/02/06 01:00,0.0
09/02/06 02:00,0.0
09/02/06 03:00,0.0
09/02/06 04:00,0.0
09/02/06 05:00,10.8
09/02/06 06:00,25.8
09/02/06 07:00,27.8
09/02/06 08:00,32.7
09/02/06 09:00,33.6
09/02/06 10:00,35.8
09/02/06 11:00,35.2
09/02/06 12:00,34.9
09/02/06 13:00,35.3
09/02/06 14:00,31.2
09/02/06 15:00,25.6
09/02/06 16:00,16.1
09/02/06 17:00,0.2
09/02/06 18:00,0.0
09/02/06 19:00,0.0
09/02/06 20:00,0.0
09/02/06 21:00,0.0
09/02/06 22:00,0.0
09/02/06 23:00,0.0
09/03/06 00:00,0.0
09/03/06 01:00,0.0
09/03/06 02:00,0.0
09/03/06 03:00,0.0
09/03/06 04:00,0.0
09/03/06 05:00,10.4
09/03/06 06:00,26.6
09/03/06 07:00,32.4
09/03/06 08:00,32.6
09/03/06 09:00,31.7
09/03/06 10:00,33.7
09/03/06 11:00,36.2
09/03/06 12:00,35.3
09/03/06 13:00,30.6
09/03/06 14:00,23.2
09/03/06 15:00,14.2
09/03/06 16:00,9.0
09/03/06 17:00,0.0
09/03/06 18:00,0.0
09/03/06 19:00,0.0
09/03/06 20:00,0.0
09/03/06 21:00,0.0
09/03/06 22:00,0.0
09/03/06 23:00,0.0
09/04/06 00:00,0.0
09/04/06 01:00,0.0
09/04/06 02:00,0.0
09/04/06 03:00,0.0
09/04/06 04:00,0.0
09/04/06 05:00,10.1
09/04/06 06:00,25.7
09/04/06 07:00,32.5
09/04/06 08:00,35.3
09/04/06 09:00,35.6
09/04/06 10:00,32.4
09/04/06 11:00,31.7
09/04/06 12:00,33.0
09/04/06 13:00,33.0
09/04/06 14:00,31.4
09/04/06 15:00,23.9
09/04/06 16:00,9.4
09/04/06 17:00,0.1
09/04/06 18:00,0.0
09/04/06 19:00,0.0
09/04/06 20:00,0.0
09/04/06 21:00,0.0
09/04/06 22:00,0.0
09/04/06 23:00,0.0
09/05/06 00:00,0.0
09/05/06 01:00,0.0
09/05/06 02:00,0.0
09/05/06 03:00,0.0
09/05/06 04:00,0.0
09/05/06 05:00,9.7
09/05/06 06:00,25.1
09/05/06 07:00,31.0
09/05/06 08:00,36.0
09/05/06 09:00,35.7
09/05/06 10:00,36.6
09/05/06 11:00,36.3
09/05/06 12:00,36.3
09/05/06 13:00,35.8
09/05/06 14:00,33.2
09/05/06 15:00,29.8
09/05/06 16:00,21.2
09/05/06 17:00,0.9
09/05/06 18:00,0.0
09/05/06 19:00,0.0
09/05/06 20:00,0.0
09/05/06 21:00,0.0
09/05/06 22:00,0.0
09/05/06 23:00,0.0
09/06/06 00:00,0.0
09/06/06 01:00,0.0
09/06/06 02:00,0.0
09/06/06 03:00,0.0
09/06/06 04:00,0.0
09/06/06 05:00,0.0
09/06/06 06:00,26.7
09/06/06 07:00,31.4
09/06/06 08:00,34.7
09/06/06 09:00,35.5
09/06/06 10:00,35.5
09/06/06 11:00,35.3
09/06/06 12:00,35.5
09/06/06 13:00,35.1
09/06/06 14:00,33.6
09/06/06 15:00,33.4
09/06/06 16:00,21.8
09/06/06 17:00,0.0
09/06/06 18:00,0.0
09/06/06 19:00,0.0
09/06/06 20:00,0.0
09/06/06 21:00,0.0
09/06/06 22:00,0.0
09/06/06 23:00,0.0
09/07/06 00:00,0.0
09/07/06 01:00,0.0
09/07/06 02:00,0.0
09/07/06 03:00,0.0
09/07/06 04:00,0.0
09/07/06 05:00,0.0
09/07/06 06:00,26.6
09/07/06 07:00,33.4
09/07/06 08:00,33.1
09/07/06 09:00,33.8
09/07/06 10:00,35.5
09/07/06 11:00,36.0
09/07/06 12:00,35.4
09/07/06 13:00,33.4
09/07/06 14:00,31.9
09/07/06 15:00,29.8
09/07/06 16:00,20.8
09/07/06 17:00,0.7
09/07/06 18:00,0.0
09/07/06 19:00,0.0
09/07/06 20:00,0.0
09/07/06 21:00,0.0
09/07/06 22:00,0.0
09/07/06 23:00,0.0
09/08/06 00:00,0.0
09/08/06 01:00,0.0
09/08/06 02:00,0.0
09/08/06 03:00,0.0
09/08/06 04:00,0.0
09/08/06 05:00,0.0
09/08/06 06:00,27.8
09/08/06 07:00,35.8
09/08/06 08:00,37.6
09/08/06 09:00,38.6
09/08/06 10:00,38.5
09/08/06 11:00,39.4
09/08/06 12:00,39.9
09/08/06 13:00,38.9
09/08/06 14:00,35.7
09/08/06 15:00,33.1
09/08/06 16:00,22.1
09/08/06 17:00,1.2
09/08/06 18:00,0.0
09/08/06 19:00,0.0
09/08/06 20:00,0.0
09/08/06 21:00,0.0
09/08/06 22:00,0.0
09/08/06 23:00,0.0
09/09/06 00:00,0.0
09/09/06 01:00,0.0
09/09/06 02:00,0.0
09/09/06 03:00,0.0
09/09/06 04:00,0.0
09/09/06 05:00,0.0
09/09/06 06:00,27.9
09/09/06 07:00,35.7
09/09/06 08:00,36.9
09/09/06 09:00,39.0
09/09/06 10:00,38.9
09/09/06 11:00,39.2
09/09/06 12:00,39.9
09/09/06 13:00,39.4
09/09/06 14:00,35.8
09/09/06 15:00,32.1
09/09/06 16:00,22.3
09/09/06 17:00,0.4
09/09/06 18:00,0.0
09/09/06 19:00,0.0
09/09/06 20:00,0.0
09/09/06 21:00,0.0
09/09/06 22:00,0.0
09/09/06 23:00,0.0
09/10/06 00:00,0.0
09/10/06 01:00,0.0
09/10/06 02:00,0.0
09/10/06 03:00,0.0
09/10/06 04:00,0.0
09/10/06 05:00,0.0
09/10/06 06:00,27.7
09/10/06 07:00,33.1
09/10/06 08:00,35.5
09/10/06 09:00,36.3
09/10/06 10:00,36.5
09/10/06 11:00,37.6
09/10/06 12:00,37.6
09/10/06 13:00,36.6
09/10/06 14:00,35.3
09/10/06 15:00,30.7
09/10/06 16:00,20.7
09/10/06 17:00,0.2
09/10/06 18:00,0.0
09/10/06 19:00,0.0
09/10/06 20:00,0.0
09/10/06 21:00,0.0
09/10/06 22:00,0.0
09/10/06 23:00,0.0
09/11/06 00:00,0.0
09/11/06 01:00,0.0
09/11/06 02:00,0.0
09/11/06 03:00,0.0
09/11/06 04:00,0.0
09/11/06 05:00,0.0
09/11/06 06:00,27.0
09/11/06 07:00,33.5
09/11/06 08:00,35.0
09/11/06 09:00,34.4
09/11/06 10:00,35.6
09/11/06 11:00,33.4
09/11/06 12:00,36.1
09/11/06 13:00,34.6
09/11/06 14:00,34.3
09/11/06 15:00,29.8
09/11/06 16:00,20.5
09/11/06 17:00,0.1
09/11/06 18:00,0.0
09/11/06 19:00,0.0
09/11/06 20:00,0.0
09/11/06 21:00,0.0
09/11/06 22:00,0.0
09/11/06 23:00,0.0
09/12/06 00:00,0.0
09/12/06 01:00,0.0
09/12/06 02:00,0.0
09/12/06 03:00,0.0
09/12/06 04:00,0.0
09/12/06 05:00,0.0
09/12/06 06:00,25.9
09/12/06 07:00,33.3
09/12/06 08:00,31.5
09/12/06 09:00,30.9
09/12/06 10:00,32.3
09/12/06 11:00,31.6
09/12/06 12:00,31.7
09/12/06 13:00,31.0
09/12/06 14:00,30.8
09/12/06 15:00,28.3
09/12/06 16:00,16.3
09/12/06 17:00,0.0
09/12/06 18:00,0.0
09/12/06 19:00,0.0
09/12/06 20:00,0.0
09/12/06 21:00,0.0
09/12/06 22:00,0.0
09/12/06 23:00,0.0
09/13/06 00:00,0.0
09/13/06 01:00,0.0
09/13/06 02:00,0.0
09/13/06 03:00,0.0
09/13/06 04:00,0.0
09/13/06 05:00,0.0
09/13/06 06:00,25.7
09/13/06 07:00,32.1
09/13/06 08:00,35.2
09/13/06 09:00,32.7
09/13/06 10:00,32.5
09/13/06 11:00,33.3
09/13/06 12:00,32.9
09/13/06 13:00,31.1
09/13/06 14:00,32.8
09/13/06 15:00,28.0
09/13/06 16:00,14.1
09/13/06 17:00,0.0
09/13/06 18:00,0.0
09/13/06 19:00,0.0
09/13/06 20:00,0.0
09/13/06 21:00,0.0
09/13/06 22:00,0.0
09/13/06 23:00,0.0
09/14/06 00:00,0.0
09/14/06 01:00,0.0
09/14/06 02:00,0.0
09/14/06 03:00,0.0
09/14/06 04:00,0.0
09/14/06 05:00,0.0
09/14/06 06:00,17.8
09/14/06 07:00,25.5
09/14/06 08:00,30.7
09/14/06 09:00,27.5
09/14/06 10:00,37.4
09/14/06 11:00,36.8
09/14/06 12:00,35.0
09/14/06 13:00,38.6
09/14/06 14:00,32.9
09/14/06 15:00,21.6
09/14/06 16:00,12.1
09/14/06 17:00,0.0
09/14/06 18:00,0.0
09/14/06 19:00,0.0
09/14/06 20:00,0.0
09/14/06 21:00,0.0
09/14/06 22:00,0.0
09/14/06 23:00,0.0
09/15/06 00:00,0.0
09/15/06 01:00,0.0
09/15/06 02:00,0.0
09/15/06 03:00,0.0
09/15/06 04:00,0.0
09/15/06 05:00,0.0
09/15/06 06:00,28.3
09/15/06 07:00,37.6
09/15/06 08:00,40.6
09/15/06 09:00,41.4
09/15/06 10:00,41.8
09/15/06 11:00,39.4
09/15/06 12:00,40.8
09/15/06 13:00,40.5
09/15/06 14:00,38.2
09/15/06 15:00,33.0
09/15/06 16:00,19.2
09/15/06 17:00,0.0
09/15/06 18:00,0.0
09/15/06 19:00,0.0
09/15/06 20:00,0.0
09/15/06 21:00,0.0
09/15/06 22:00,0.0
09/15/06 23:00,0.0
09/16/06 00:00,0.0
09/16/06 01:00,0.0
09/16/06 02:00,0.0
09/16/06 03:00,0.0
09/16/06 04:00,0.0
09/16/06 05:00,0.0
09/16/06 06:00,26.5
09/16/06 07:00,33.6
09/16/06 08:00,36.8
09/16/06 09:00,38.3
09/16/06 10:00,39.2
09/16/06 11:00,39.7
09/16/06 12:00,39.3
09/16/06 13:00,39.8
09/16/06 14:00,39.1
09/16/06 15:00,32.3
09/16/06 16:00,17.8
09/16/06 17:00,0.0
09/16/06 18:00,0.0
09/16/06 19:00,0.0
09/16/06 20:00,0.0
09/16/06 21:00,0.0
09/16/06 22:00,0.0
09/16/06 23:00,0.0
09/17/06 00:00,0.0
09/17/06 01:00,0.0
09/17/06 02:00,0.0
09/17/06 03:00,0.0
09/17/06 04:00,0.0
09/17/06 05:00,0.0
09/17/06 06:00,26.2
09/17/06 07:00,33.0
09/17/06 08:00,36.9
09/17/06 09:00,38.9
09/17/06 10:00,39.2
09/17/06 11:00,38.7
09/17/06 12:00,37.9
09/17/06 13:00,37.6
09/17/06 14:00,36.7
09/17/06 15:00,31.3
09/17/06 16:00,18.1
09/17/06 17:00,0.0
09/17/06 18:00,0.0
09/17/06 19:00,0.0
09/17/06 20:00,0.0
09/17/06 21:00,0.0
09/17/06 22:00,0.0
09/17/06 23:00,0.0
09/18/06 00:00,0.0
09/18/06 01:00,0.0
09/18/06 02:00,0.0
09/18/06 03:00,0.0
09/18/06 04:00,0.0
09/18/06 05:00,0.0
09/18/06 06:00,27.0
09/18/06 07:00,32.6
09/18/06 08:00,34.6
09/18/06 09:00,36.5
09/18/06 10:00,36.5
09/18/06 11:00,34.4
09/18/06 12:00,30.0
09/18/06 13:00,31.5
09/18/06 14:00,35.2
09/18/06 15:00,30.4
09/18/06 16:00,17.4
09/18/06 17:00,0.0
09/18/06 18:00,0.0
09/18/06 19:00,0.0
09/18/06 20:00,0.0
09/18/06 21:00,0.0
09/18/06 22:00,0.0
09/18/06 23:00,0.0
09/19/06 00:00,0.0
09/19/06 01:00,0.0
09/19/06 02:00,0.0
09/19/06 03:00,0.0
09/19/06 04:00,0.0
09/19/06 05:00,0.0
09/19/06 06:00,25.0
09/19/06 07:00,33.6
09/19/06 08:00,33.9
09/19/06 09:00,35.5
09/19/06 10:00,35.5
09/19/06 11:00,34.5
09/19/06 12:00,36.0
09/19/06 13:00,36.6
09/19/06 14:00,34.3
09/19/06 15:00,32.3
09/19/06 16:00,18.4
09/19/06 17:00,0.0
09/19/06 18:00,0.0
09/19/06 19:00,0.0
09/19/06 20:00,0.0
09/19/06 21:00,0.0
09/19/06 22:00,0.0
09/19/06 23:00,0.0
09/20/06 00:00,0.0
09/20/06 01:00,0.0
09/20/06 02:00,0.0
09/20/06 03:00,0.0
09/20/06 04:00,0.0
09/20/06 05:00,0.0
09/20/06 06:00,26.4
09/20/06 07:00,35.3
09/20/06 08:00,38.5
09/20/06 09:00,36.4
09/20/06 10:00,36.9
09/20/06 11:00,37.2
09/20/06 12:00,37.1
09/20/06 13:00,35.1
09/20/06 14:00,36.2
09/20/06 15:00,30.3
09/20/06 16:00,14.7
09/20/06 17:00,0.0
09/20/06 18:00,0.0
09/20/06 19:00,0.0
09/20/06 20:00,0.0
09/20/06 21:00,0.0
09/20/06 22:00,0.0
09/20/06 23:00,0.0
09/21/06 00:00,0.0
09/21/06 01:00,0.0
09/21/06 02:00,0.0
09/21/06 03:00,0.0
09/21/06 04:00,0.0
09/21/06 05:00,0.0
09/21/06 06:00,25.4
09/21/06 07:00,33.5
09/21/06 08:00,36.7
09/21/06 09:00,37.5
09/21/06 10:00,39.1
09/21/06 11:00,39.0
09/21/06 12:00,38.9
09/21/06 13:00,38.4
09/21/06 14:00,36.2
09/21/06 15:00,32.0
09/21/06 16:00,17.0
09/21/06 17:00,0.0
09/21/06 18:00,0.0
09/21/06 19:00,0.0
09/21/06 20:00,0.0
09/21/06 21:00,0.0
09/21/06 22:00,0.0
09/21/06 23:00,0.0
09/22/06 00:00,0.0
09/22/06 01:00,0.0
09/22/06 02:00,0.0
09/22/06 03:00,0.0
09/22/06 04:00,0.0
09/22/06 05:00,0.0
09/22/06 06:00,27.0
09/22/06 07:00,32.9
09/22/06 08:00,35.5
09/22/06 09:00,36.4
09/22/06 10:00,32.4
09/22/06 11:00,30.5
09/22/06 12:00,37.7
09/22/06 13:00,39.1
09/22/06 14:00,36.9
09/22/06 15:00,31.5
09/22/06 16:00,16.1
09/22/06 17:00,0.0
09/22/06 18:00,0.0
09/22/06 19:00,0.0
09/22/06 20:00,0.0
09/22/06 21:00,0.0
09/22/06 22:00,0.0
09/22/06 23:00,0.0
09/23/06 00:00,0.0
09/23/06 01:00,0.0
09/23/06 02:00,0.0
09/23/06 03:00,0.0
09/23/06 04:00,0.0
09/23/06 05:00,0.0
09/23/06 06:00,25.4
09/23/06 07:00,33.5
09/23/06 08:00,37.9
09/23/06 09:00,38.7
09/23/06 10:00,38.6
09/23/06 11:00,37.4
09/23/06 12:00,34.6
09/23/06 13:00,36.3
09/23/06 14:00,36.2
09/23/06 15:00,29.8
09/23/06 16:00,15.3
09/23/06 17:00,0.0
09/23/06 18:00,0.0
09/23/06 19:00,0.0
09/23/06 20:00,0.0
09/23/06 21:00,0.0
09/23/06 22:00,0.0
09/23/06 23:00,0.0
09/24/06 00:00,0.0
09/24/06 01:00,0.0
09/24/06 02:00,0.0
09/24/06 03:00,0.0
09/24/06 04:00,0.0
09/24/06 05:00,0.0
09/24/06 06:00,26.5
09/24/06 07:00,32.5
09/24/06 08:00,34.1
09/24/06 09:00,35.9
09/24/06 10:00,37.6
09/24/06 11:00,37.3
09/24/06 12:00,36.1
09/24/06 13:00,35.9
09/24/06 14:00,36.1
09/24/06 15:00,29.3
09/24/06 16:00,14.9
09/24/06 17:00,0.0
09/24/06 18:00,0.0
09/24/06 19:00,0.0
09/24/06 20:00,0.0
09/24/06 21:00,0.0
09/24/06 22:00,0.0
09/24/06 23:00,0.0
09/25/06 00:00,0.0
09/25/06 01:00,0.0
09/25/06 02:00,0.0
09/25/06 03:00,0.0
09/25/06 04:00,0.0
09/25/06 05:00,0.0
09/25/06 06:00,24.8
09/25/06 07:00,32.0
09/25/06 08:00,35.9
09/25/06 09:00,37.6
09/25/06 10:00,37.5
09/25/06 11:00,36.9
09/25/06 12:00,35.7
09/25/06 13:00,35.4
09/25/06 14:00,34.1
09/25/06 15:00,29.1
09/25/06 16:00,13.5
09/25/06 17:00,0.0
09/25/06 18:00,0.0
09/25/06 19:00,0.0
09/25/06 20:00,0.0
09/25/06 21:00,0.0
09/25/06 22:00,0.0
09/25/06 23:00,0.0
09/26/06 00:00,0.0
09/26/06 01:00,0.0
09/26/06 02:00,0.0
09/26/06 03:00,0.0
09/26/06 04:00,0.0
09/26/06 05:00,0.0
09/26/06 06:00,25.1
09/26/06 07:00,33.5
09/26/06 08:00,35.8
09/26/06 09:00,31.4
09/26/06 10:00,30.3
09/26/06 11:00,24.6
09/26/06 12:00,37.4
09/26/06 13:00,35.3
09/26/06 14:00,31.5
09/26/06 15:00,25.9
09/26/06 16:00,11.5
09/26/06 17:00,0.0
09/26/06 18:00,0.0
09/26/06 19:00,0.0
09/26/06 20:00,0.0
09/26/06 21:00,0.0
09/26/06 22:00,0.0
09/26/06 23:00,0.0
09/27/06 00:00,0.0
09/27/06 01:00,0.0
09/27/06 02:00,0.0
09/27/06 03:00,0.0
09/27/06 04:00,0.0
09/27/06 05:00,0.0
09/27/06 06:00,25.5
09/27/06 07:00,33.5
09/27/06 08:00,36.5
09/27/06 09:00,36.6
09/27/06 10:00,37.4
09/27/06 11:00,36.3
09/27/06 12:00,36.3
09/27/06 13:00,35.6
09/27/06 14:00,32.1
09/27/06 15:00,24.1
09/27/06 16:00,9.8
09/27/06 17:00,0.0
09/27/06 18:00,0.0
09/27/06 19:00,0.0
09/27/06 20:00,0.0
09/27/06 21:00,0.0
09/27/06 22:00,0.0
09/27/06 23:00,0.0
09/28/06 00:00,0.0
09/28/06 01:00,0.0
09/28/06 02:00,0.0
09/28/06 03:00,0.0
09/28/06 04:00,0.0
09/28/06 05:00,0.0
09/28/06 06:00,25.4
09/28/06 07:00,31.1
09/28/06 08:00,31.3
09/28/06 09:00,32.2
09/28/06 10:00,31.4
09/28/06 11:00,32.9
09/28/06 12:00,33.9
09/28/06 13:00,33.2
09/28/06 14:00,32.4
09/28/06 15:00,22.2
09/28/06 16:00,5.4
09/28/06 17:00,0.0
09/28/06 18:00,0.0
09/28/06 19:00,0.0
09/28/06 20:00,0.0
09/28/06 21:00,0.0
09/28/06 22:00,0.0
09/28/06 23:00,0.0
09/29/06 00:00,0.0
09/29/06 01:00,0.0
09/29/06 02:00,0.0
09/29/06 03:00,0.0
09/29/06 04:00,0.0
09/29/06 05:00,0.0
09/29/06 06:00,25.2
09/29/06 07:00,32.1
09/29/06 08:00,33.3
09/29/06 09:00,32.6
09/29/06 10:00,33.5
09/29/06 11:00,34.9
09/29/06 12:00,34.7
09/29/06 13:00,33.2
09/29/06 14:00,30.6
09/29/06 15:00,24.5
09/29/06 16:00,6.3
09/29/06 17:00,0.0
09/29/06 18:00,0.0
09/29/06 19:00,0.0
09/29/06 20:00,0.0
09/29/06 21:00,0.0
09/29/06 22:00,0.0
09/29/06 23:00,0.0
09/30/06 00:00,0.0
09/30/06 01:00,0.0
09/30/06 02:00,0.0
09/30/06 03:00,0.0
09/30/06 04:00,0.0
09/30/06 05:00,0.0
09/30/06 06:00,25.4
09/30/06 07:00,32.5
09/30/06 08:00,36.2
09/30/06 09:00,35.6
09/30/06 10:00,31.1
09/30/06 11:00,29.4
09/30/06 12:00,20.7
09/30/06 13:00,32.8
09/30/06 14:00,24.9
09/30/06 15:00,15.7
09/30/06 16:00,4.6
09/30/06 17:00,0.0
09/30/06 18:00,0.0
09/30/06 19:00,0.0
09/30/06 20:00,0.0
09/30/06 21:00,0.0
09/30/06 22:00,0.0
09/30/06 23:00,0.0
10/01/06 00:00,0.0
10/01/06 01:00,0.0
10/01/06 02:00,0.0
10/01/06 03:00,0.0
10/01/06 04:00,0.0
10/01/06 05:00,0.0
10/01/06 06:00,16.1
10/01/06 07:00,0.1
10/01/06 08:00,31.8
10/01/06 09:00,21.8
10/01/06 10:00,10.7
10/01/06 11:00,14.3
10/01/06 12:00,16.8
10/01/06 13:00,28.5
10/01/06 14:00,9.5
10/01/06 15:00,7.4
10/01/06 16:00,4.8
10/01/06 17:00,0.0
10/01/06 18:00,0.0
10/01/06 19:00,0.0
10/01/06 20:00,0.0
10/01/06 21:00,0.0
10/01/06 22:00,0.0
10/01/06 23:00,0.0
10/02/06 00:00,0.0
10/02/06 01:00,0.0
10/02/06 02:00,0.0
10/02/06 03:00,0.0
10/02/06 04:00,0.0
10/02/06 05:00,0.0
10/02/06 06:00,21.2
10/02/06 07:00,31.8
10/02/06 08:00,37.9
10/02/06 09:00,37.3
10/02/06 10:00,37.5
10/02/06 11:00,38.9
10/02/06 12:00,35.9
10/02/06 13:00,32.3
10/02/06 14:00,28.0
10/02/06 15:00,20.4
10/02/06 16:00,5.0
10/02/06 17:00,0.0
10/02/06 18:00,0.0
10/02/06 19:00,0.0
10/02/06 20:00,0.0
10/02/06 21:00,0.0
10/02/06 22:00,0.0
10/02/06 23:00,0.0
10/03/06 00:00,0.0
10/03/06 01:00,0.0
10/03/06 02:00,0.0
10/03/06 03:00,0.0
10/03/06 04:00,0.0
10/03/06 05:00,0.0
10/03/06 06:00,24.6
10/03/06 07:00,33.6
10/03/06 08:00,36.2
10/03/06 09:00,36.9
10/03/06 10:00,37.7
10/03/06 11:00,37.8
10/03/06 12:00,37.3
10/03/06 13:00,37.3
10/03/06 14:00,36.0
10/03/06 15:00,27.4
10/03/06 16:00,4.5
10/03/06 17:00,0.0
10/03/06 18:00,0.0
10/03/06 19:00,0.0
10/03/06 20:00,0.0
10/03/06 21:00,0.0
10/03/06 22:00,0.0
10/03/06 23:00,0.0
10/04/06 00:00,0.0
10/04/06 01:00,0.0
10/04/06 02:00,0.0
10/04/06 03:00,0.0
10/04/06 04:00,0.0
10/04/06 05:00,0.0
10/04/06 06:00,26.2
10/04/06 07:00,35.3
10/04/06 08:00,36.6
10/04/06 09:00,37.5
10/04/06 10:00,36.3
10/04/06 11:00,37.8
10/04/06 12:00,38.5
10/04/06 13:00,38.2
10/04/06 14:00,36.0
10/04/06 15:00,26.7
10/04/06 16:00,6.2
10/04/06 17:00,0.0
10/04/06 18:00,0.0
10/04/06 19:00,0.0
10/04/06 20:00,0.0
10/04/06 21:00,0.0
10/04/06 22:00,0.0
10/04/06 23:00,0.0
10/05/06 00:00,0.0
10/05/06 01:00,0.0
10/05/06 02:00,0.0
10/05/06 03:00,0.0
10/05/06 04:00,0.0
10/05/06 05:00,0.0
10/05/06 06:00,25.9
10/05/06 07:00,36.8
10/05/06 08:00,37.8
10/05/06 09:00,39.6
10/05/06 10:00,39.9
10/05/06 11:00,40.3
10/05/06 12:00,39.6
10/05/06 13:00,39.2
10/05/06 14:00,37.0
10/05/06 15:00,30.1
10/05/06 16:00,7.7
10/05/06 17:00,0.0
10/05/06 18:00,0.0
10/05/06 19:00,0.0
10/05/06 20:00,0.0
10/05/06 21:00,0.0
10/05/06 22:00,0.0
10/05/06 23:00,0.0
10/06/06 00:00,0.0
10/06/06 01:00,0.0
10/06/06 02:00,0.0
10/06/06 03:00,0.0
10/06/06 04:00,0.0
10/06/06 05:00,0.0
10/06/06 06:00,26.5
10/06/06 07:00,36.1
10/06/06 08:00,37.9
10/06/06 09:00,38.6
10/06/06 10:00,38.5
10/06/06 11:00,34.8
10/06/06 12:00,33.3
10/06/06 13:00,33.7
10/06/06 14:00,31.4
10/06/06 15:00,25.6
10/06/06 16:00,7.2
10/06/06 17:00,0.0
10/06/06 18:00,0.0
10/06/06 19:00,0.0
10/06/06 20:00,0.0
10/06/06 21:00,0.0
10/06/06 22:00,0.0
10/06/06 23:00,0.0
10/07/06 00:00,0.0
10/07/06 01:00,0.0
10/07/06 02:00,0.0
10/07/06 03:00,0.0
10/07/06 04:00,0.0
10/07/06 05:00,0.0
10/07/06 06:00,25.8
10/07/06 07:00,33.8
10/07/06 08:00,36.7
10/07/06 09:00,35.9
10/07/06 10:00,35.6
10/07/06 11:00,36.5
10/07/06 12:00,36.2
10/07/06 13:00,37.1
10/07/06 14:00,37.7
10/07/06 15:00,29.8
10/07/06 16:00,8.1
10/07/06 17:00,0.0
10/07/06 18:00,0.0
10/07/06 19:00,0.0
10/07/06 20:00,0.0
10/07/06 21:00,0.0
10/07/06 22:00,0.0
10/07/06 23:00,0.0
10/08/06 00:00,0.0
10/08/06 01:00,0.0
10/08/06 02:00,0.0
10/08/06 03:00,0.0
10/08/06 04:00,0.0
10/08/06 05:00,0.0
10/08/06 06:00,18.2
10/08/06 07:00,25.0
10/08/06 08:00,31.6
10/08/06 09:00,35.9
10/08/06 10:00,36.3
10/08/06 11:00,35.4
10/08/06 12:00,35.7
10/08/06 13:00,35.6
10/08/06 14:00,34.7
10/08/06 15:00,24.2
10/08/06 16:00,2.7
10/08/06 17:00,0.0
10/08/06 18:00,0.0
10/08/06 19:00,0.0
10/08/06 20:00,0.0
10/08/06 21:00,0.0
10/08/06 22:00,0.0
10/08/06 23:00,0.0
10/09/06 00:00,0.0
10/09/06 01:00,0.0
10/09/06 02:00,0.0
10/09/06 03:00,0.0
10/09/06 04:00,0.0
10/09/06 05:00,0.0
10/09/06 06:00,24.4
10/09/06 07:00,33.4
10/09/06 08:00,29.6
10/09/06 09:00,37.4
10/09/06 10:00,36.9
10/09/06 11:00,37.6
10/09/06 12:00,36.9
10/09/06 13:00,37.6
10/09/06 14:00,35.6
10/09/06 15:00,29.2
10/09/06 16:00,7.1
10/09/06 17:00,0.0
10/09/06 18:00,0.0
10/09/06 19:00,0.0
10/09/06 20:00,0.0
10/09/06 21:00,0.0
10/09/06 22:00,0.0
10/09/06 23:00,0.0
10/10/06 00:00,0.0
10/10/06 01:00,0.0
10/10/06 02:00,0.0
10/10/06 03:00,0.0
10/10/06 04:00,0.0
10/10/06 05:00,0.0
10/10/06 06:00,26.0
10/10/06 07:00,36.0
10/10/06 08:00,37.8
10/10/06 09:00,30.8
10/10/06 10:00,20.5
10/10/06 11:00,29.9
10/10/06 12:00,38.5
10/10/06 13:00,38.7
10/10/06 14:00,36.9
10/10/06 15:00,29.3
10/10/06 16:00,6.3
10/10/06 17:00,0.0
10/10/06 18:00,0.0
10/10/06 19:00,0.0
10/10/06 20:00,0.0
10/10/06 21:00,0.0
10/10/06 22:00,0.0
10/10/06 23:00,0.0
10/11/06 00:00,0.0
10/11/06 01:00,0.0
10/11/06 02:00,0.0
10/11/06 03:00,0.0
10/11/06 04:00,0.0
10/11/06 05:00,0.0
10/11/06 06:00,24.8
10/11/06 07:00,35.3
10/11/06 08:00,33.2
10/11/06 09:00,35.9
10/11/06 10:00,36.2
10/11/06 11:00,33.7
10/11/06 12:00,35.0
10/11/06 13:00,34.7
10/11/06 14:00,36.0
10/11/06 15:00,27.0
10/11/06 16:00,5.1
10/11/06 17:00,0.0
10/11/06 18:00,0.0
10/11/06 19:00,0.0
10/11/06 20:00,0.0
10/11/06 21:00,0.0
10/11/06 22:00,0.0
10/11/06 23:00,0.0
10/12/06 00:00,0.0
10/12/06 01:00,0.0
10/12/06 02:00,0.0
10/12/06 03:00,0.0
10/12/06 04:00,0.0
10/12/06 05:00,0.0
10/12/06 06:00,23.9
10/12/06 07:00,33.6
10/12/06 08:00,31.1
10/12/06 09:00,37.8
10/12/06 10:00,36.1
10/12/06 11:00,35.2
10/12/06 12:00,33.8
10/12/06 13:00,33.2
10/12/06 14:00,32.3
10/12/06 15:00,26.3
10/12/06 16:00,5.1
10/12/06 17:00,0.0
10/12/06 18:00,0.0
10/12/06 19:00,0.0
10/12/06 20:00,0.0
10/12/06 21:00,0.0
10/12/06 22:00,0.0
10/12/06 23:00,0.0
10/13/06 00:00,0.0
10/13/06 01:00,0.0
10/13/06 02:00,0.0
10/13/06 03:00,0.0
10/13/06 04:00,0.0
10/13/06 05:00,0.0
10/13/06 06:00,24.4
10/13/06 07:00,34.4
10/13/06 08:00,31.1
10/13/06 09:00,34.7
10/13/06 10:00,33.4
10/13/06 11:00,31.4
10/13/06 12:00,32.6
10/13/06 13:00,20.5
10/13/06 14:00,9.2
10/13/06 15:00,11.2
10/13/06 16:00,1.1
10/13/06 17:00,0.0
10/13/06 18:00,0.0
10/13/06 19:00,0.0
10/13/06 20:00,0.0
10/13/06 21:00,0.0
10/13/06 22:00,0.0
10/13/06 23:00,0.0
10/14/06 00:00,0.0
10/14/06 01:00,0.0
10/14/06 02:00,0.0
10/14/06 03:00,0.0
10/14/06 04:00,0.0
10/14/06 05:00,0.0
10/14/06 06:00,7.4
10/14/06 07:00,2.0
10/14/06 08:00,16.0
10/14/06 09:00,22.8
10/14/06 10:00,26.2
10/14/06 11:00,34.0
10/14/06 12:00,13.1
10/14/06 13:00,6.0
10/14/06 14:00,10.4
10/14/06 15:00,9.2
10/14/06 16:00,0.2
10/14/06 17:00,0.0
10/14/06 18:00,0.0
10/14/06 19:00,0.0
10/14/06 20:00,0.0
10/14/06 21:00,0.0
10/14/06 22:00,0.0
10/14/06 23:00,0.0
10/15/06 00:00,0.0
10/15/06 01:00,0.0
10/15/06 02:00,0.0
10/15/06 03:00,0.0
10/15/06 04:00,0.0
10/15/06 05:00,0.0
10/15/06 06:00,24.0
10/15/06 07:00,33.6
10/15/06 08:00,30.9
10/15/06 09:00,37.2
10/15/06 10:00,35.7
10/15/06 11:00,36.5
10/15/06 12:00,35.5
10/15/06 13:00,36.4
10/15/06 14:00,36.2
10/15/06 15:00,25.8
10/15/06 16:00,3.6
10/15/06 17:00,0.0
10/15/06 18:00,0.0
10/15/06 19:00,0.0
10/15/06 20:00,0.0
10/15/06 21:00,0.0
10/15/06 22:00,0.0
10/15/06 23:00,0.0
10/16/06 00:00,0.0
10/16/06 01:00,0.0
10/16/06 02:00,0.0
10/16/06 03:00,0.0
10/16/06 04:00,0.0
10/16/06 05:00,0.0
10/16/06 06:00,24.9
10/16/06 07:00,36.2
10/16/06 08:00,36.0
10/16/06 09:00,40.1
10/16/06 10:00,39.6
10/16/06 11:00,35.9
10/16/06 12:00,34.9
10/16/06 13:00,33.5
10/16/06 14:00,29.3
10/16/06 15:00,22.6
10/16/06 16:00,2.0
10/16/06 17:00,0.0
10/16/06 18:00,0.0
10/16/06 19:00,0.0
10/16/06 20:00,0.0
10/16/06 21:00,0.0
10/16/06 22:00,0.0
10/16/06 23:00,0.0
10/17/06 00:00,0.0
10/17/06 01:00,0.0
10/17/06 02:00,0.0
10/17/06 03:00,0.0
10/17/06 04:00,0.0
10/17/06 05:00,0.0
10/17/06 06:00,20.1
10/17/06 07:00,35.3
10/17/06 08:00,29.8
10/17/06 09:00,36.0
10/17/06 10:00,34.8
10/17/06 11:00,35.5
10/17/06 12:00,38.6
10/17/06 13:00,38.0
10/17/06 14:00,35.5
10/17/06 15:00,24.5
10/17/06 16:00,0.5
10/17/06 17:00,0.0
10/17/06 18:00,0.0
10/17/06 19:00,0.0
10/17/06 20:00,0.0
10/17/06 21:00,0.0
10/17/06 22:00,0.0
10/17/06 23:00,0.0
10/18/06 00:00,0.0
10/18/06 01:00,0.0
10/18/06 02:00,0.0
10/18/06 03:00,0.0
10/18/06 04:00,0.0
10/18/06 05:00,0.0
10/18/06 06:00,24.2
10/18/06 07:00,35.1
10/18/06 08:00,32.5
10/18/06 09:00,38.1
10/18/06 10:00,38.0
10/18/06 11:00,36.8
10/18/06 12:00,34.9
10/18/06 13:00,34.7
10/18/06 14:00,35.8
10/18/06 15:00,26.4
10/18/06 16:00,1.1
10/18/06 17:00,0.0
10/18/06 18:00,0.0
10/18/06 19:00,0.0
10/18/06 20:00,0.0
10/18/06 21:00,0.0
10/18/06 22:00,0.0
10/18/06 23:00,0.0
10/19/06 00:00,0.0
10/19/06 01:00,0.0
10/19/06 02:00,0.0
10/19/06 03:00,0.0
10/19/06 04:00,0.0
10/19/06 05:00,0.0
10/19/06 06:00,23.4
10/19/06 07:00,33.0
10/19/06 08:00,32.1
10/19/06 09:00,37.4
10/19/06 10:00,38.0
10/19/06 11:00,37.5
10/19/06 12:00,37.5
10/19/06 13:00,36.5
10/19/06 14:00,33.6
10/19/06 15:00,24.4
10/19/06 16:00,0.9
10/19/06 17:00,0.0
10/19/06 18:00,0.0
10/19/06 19:00,0.0
10/19/06 20:00,0.0
10/19/06 21:00,0.0
10/19/06 22:00,0.0
10/19/06 23:00,0.0
10/20/06 00:00,0.0
10/20/06 01:00,0.0
10/20/06 02:00,0.0
10/20/06 03:00,0.0
10/20/06 04:00,0.0
10/20/06 05:00,0.0
10/20/06 06:00,23.4
10/20/06 07:00,31.7
10/20/06 08:00,29.9
10/20/06 09:00,34.1
10/20/06 10:00,31.7
10/20/06 11:00,34.3
10/20/06 12:00,34.0
10/20/06 13:00,34.8
10/20/06 14:00,30.9
10/20/06 15:00,20.4
10/20/06 16:00,0.1
10/20/06 17:00,0.0
10/20/06 18:00,0.0
10/20/06 19:00,0.0
10/20/06 20:00,0.0
10/20/06 21:00,0.0
10/20/06 22:00,0.0
10/20/06 23:00,0.0
10/21/06 00:00,0.0
10/21/06 01:00,0.0
10/21/06 02:00,0.0
10/21/06 03:00,0.0
10/21/06 04:00,0.0
10/21/06 05:00,0.0
10/21/06 06:00,21.9
10/21/06 07:00,30.9
10/21/06 08:00,28.9
10/21/06 09:00,38.0
10/21/06 10:00,37.9
10/21/06 11:00,37.7
10/21/06 12:00,37.5
10/21/06 13:00,35.5
10/21/06 14:00,31.6
10/21/06 15:00,24.8
10/21/06 16:00,5.4
10/21/06 17:00,0.0
10/21/06 18:00,0.0
10/21/06 19:00,0.0
10/21/06 20:00,0.0
10/21/06 21:00,0.0
10/21/06 22:00,0.0
10/21/06 23:00,0.0
10/22/06 00:00,0.0
10/22/06 01:00,0.0
10/22/06 02:00,0.0
10/22/06 03:00,0.0
10/22/06 04:00,0.0
10/22/06 05:00,0.0
10/22/06 06:00,22.4
10/22/06 07:00,31.6
10/22/06 08:00,31.3
10/22/06 09:00,34.5
10/22/06 10:00,34.7
10/22/06 11:00,33.0
10/22/06 12:00,35.7
10/22/06 13:00,35.0
10/22/06 14:00,33.8
10/22/06 15:00,25.4
10/22/06 16:00,4.6
10/22/06 17:00,0.0
10/22/06 18:00,0.0
10/22/06 19:00,0.0
10/22/06 20:00,0.0
10/22/06 21:00,0.0
10/22/06 22:00,0.0
10/22/06 23:00,0.0
10/23/06 00:00,0.0
10/23/06 01:00,0.0
10/23/06 02:00,0.0
10/23/06 03:00,0.0
10/23/06 04:00,0.0
10/23/06 05:00,0.0
10/23/06 06:00,21.8
10/23/06 07:00,31.1
10/23/06 08:00,0.0
10/23/06 09:00,29.6
10/23/06 10:00,35.5
10/23/06 11:00,35.5
10/23/06 12:00,33.6
10/23/06 13:00,33.7
10/23/06 14:00,28.5
10/23/06 15:00,20.7
10/23/06 16:00,0.0
10/23/06 17:00,0.0
10/23/06 18:00,0.0
10/23/06 19:00,0.0
10/23/06 20:00,0.0
10/23/06 21:00,0.0
10/23/06 22:00,0.0
10/23/06 23:00,0.0
10/24/06 00:00,0.0
10/24/06 01:00,0.0
10/24/06 02:00,0.0
10/24/06 03:00,0.0
10/24/06 04:00,0.0
10/24/06 05:00,0.0
10/24/06 06:00,22.2
10/24/06 07:00,33.1
10/24/06 08:00,30.0
10/24/06 09:00,35.7
10/24/06 10:00,36.1
10/24/06 11:00,33.5
10/24/06 12:00,34.0
10/24/06 13:00,36.0
10/24/06 14:00,33.2
10/24/06 15:00,25.2
10/24/06 16:00,2.1
10/24/06 17:00,0.0
10/24/06 18:00,0.0
10/24/06 19:00,0.0
10/24/06 20:00,0.0
10/24/06 21:00,0.0
10/24/06 22:00,0.0
10/24/06 23:00,0.0
10/25/06 00:00,0.0
10/25/06 01:00,0.0
10/25/06 02:00,0.0
10/25/06 03:00,0.0
10/25/06 04:00,0.0
10/25/06 05:00,0.0
10/25/06 06:00,22.1
10/25/06 07:00,34.3
10/25/06 08:00,30.3
10/25/06 09:00,38.8
10/25/06 10:00,39.0
10/25/06 11:00,38.5
10/25/06 12:00,38.4
10/25/06 13:00,37.0
10/25/06 14:00,34.6
10/25/06 15:00,25.6
10/25/06 16:00,1.6
10/25/06 17:00,0.0
10/25/06 18:00,0.0
10/25/06 19:00,0.0
10/25/06 20:00,0.0
10/25/06 21:00,0.0
10/25/06 22:00,0.0
10/25/06 23:00,0.0
10/26/06 00:00,0.0
10/26/06 01:00,0.0
10/26/06 02:00,0.0
10/26/06 03:00,0.0
10/26/06 04:00,0.0
10/26/06 05:00,0.0
10/26/06 06:00,21.3
10/26/06 07:00,32.7
10/26/06 08:00,30.0
10/26/06 09:00,38.8
10/26/06 10:00,37.7
10/26/06 11:00,37.8
10/26/06 12:00,37.3
10/26/06 13:00,36.9
10/26/06 14:00,34.9
10/26/06 15:00,25.1
10/26/06 16:00,0.7
10/26/06 17:00,0.0
10/26/06 18:00,0.0
10/26/06 19:00,0.0
10/26/06 20:00,0.0
10/26/06 21:00,0.0
10/26/06 22:00,0.0
10/26/06 23:00,0.0
10/27/06 00:00,0.0
10/27/06 01:00,0.0
10/27/06 02:00,0.0
10/27/06 03:00,0.0
10/27/06 04:00,0.0
10/27/06 05:00,0.0
10/27/06 06:00,19.9
10/27/06 07:00,31.7
10/27/06 08:00,29.3
10/27/06 09:00,36.7
10/27/06 10:00,36.6
10/27/06 11:00,36.0
10/27/06 12:00,34.8
10/27/06 13:00,33.2
10/27/06 14:00,30.1
10/27/06 15:00,20.9
10/27/06 16:00,0.0
10/27/06 17:00,0.0
10/27/06 18:00,0.0
10/27/06 19:00,0.0
10/27/06 20:00,0.0
10/27/06 21:00,0.0
10/27/06 22:00,0.0
10/27/06 23:00,0.0
10/28/06 00:00,0.0
10/28/06 01:00,0.0
10/28/06 02:00,0.0
10/28/06 03:00,0.0
10/28/06 04:00,0.0
10/28/06 05:00,0.0
10/28/06 06:00,19.7
10/28/06 07:00,32.9
10/28/06 08:00,28.8
10/28/06 09:00,33.5
10/28/06 10:00,32.6
10/28/06 11:00,34.4
10/28/06 12:00,35.0
10/28/06 13:00,35.0
10/28/06 14:00,33.5
10/28/06 15:00,24.0
10/28/06 16:00,0.2
10/28/06 17:00,0.0
10/28/06 18:00,0.0
10/28/06 19:00,0.0
10/28/06 20:00,0.0
10/28/06 21:00,0.0
10/28/06 22:00,0.0
10/28/06 23:00,0.0
10/29/06 00:00,0.0
10/29/06 01:00,0.0
10/29/06 02:00,0.0
10/29/06 03:00,0.0
10/29/06 04:00,0.0
10/29/06 05:00,0.0
10/29/06 06:00,19.7
10/29/06 07:00,32.0
10/29/06 08:00,30.5
10/29/06 09:00,37.2
10/29/06 10:00,37.0
10/29/06 11:00,37.1
10/29/06 12:00,37.1
10/29/06 13:00,35.9
10/29/06 14:00,32.4
10/29/06 15:00,21.6
10/29/06 16:00,0.0
10/29/06 17:00,0.0
10/29/06 18:00,0.0
10/29/06 19:00,0.0
10/29/06 20:00,0.0
10/29/06 21:00,0.0
10/29/06 22:00,0.0
10/29/06 23:00,0.0
10/30/06 00:00,0.0
10/30/06 01:00,0.0
10/30/06 02:00,0.0
10/30/06 03:00,0.0
10/30/06 04:00,0.0
10/30/06 05:00,0.0
10/30/06 06:00,18.9
10/30/06 07:00,31.7
10/30/06 08:00,32.6
10/30/06 09:00,36.5
10/30/06 10:00,36.3
10/30/06 11:00,35.8
10/30/06 12:00,35.6
10/30/06 13:00,35.2
10/30/06 14:00,33.0
10/30/06 15:00,20.1
10/30/06 16:00,0.0
10/30/06 17:00,0.0
10/30/06 18:00,0.0
10/30/06 19:00,0.0
10/30/06 20:00,0.0
10/30/06 21:00,0.0
10/30/06 22:00,0.0
10/30/06 23:00,0.0
10/31/06 00:00,0.0
10/31/06 01:00,0.0
10/31/06 02:00,0.0
10/31/06 03:00,0.0
10/31/06 04:00,0.0
10/31/06 05:00,0.0
10/31/06 06:00,18.2
10/31/06 07:00,31.7
10/31/06 08:00,33.0
10/31/06 09:00,35.5
10/31/06 10:00,36.2
10/31/06 11:00,34.6
10/31/06 12:00,33.3
10/31/06 13:00,34.1
10/31/06 14:00,31.9
10/31/06 15:00,21.0
10/31/06 16:00,0.0
10/31/06 17:00,0.0
10/31/06 18:00,0.0
10/31/06 19:00,0.0
10/31/06 20:00,0.0
10/31/06 21:00,0.0
10/31/06 22:00,0.0
10/31/06 23:00,0.0
11/01/06 00:00,0.0
11/01/06 01:00,0.0
11/01/06 02:00,0.0
11/01/06 03:00,0.0
11/01/06 04:00,0.0
11/01/06 05:00,0.0
11/01/06 06:00,19.1
11/01/06 07:00,31.9
11/01/06 08:00,26.9
11/01/06 09:00,27.3
11/01/06 10:00,29.8
11/01/06 11:00,33.0
11/01/06 12:00,33.5
11/01/06 13:00,34.4
11/01/06 14:00,33.3
11/01/06 15:00,18.9
11/01/06 16:00,0.0
11/01/06 17:00,0.0
11/01/06 18:00,0.0
11/01/06 19:00,0.0
11/01/06 20:00,0.0
11/01/06 21:00,0.0
11/01/06 22:00,0.0
11/01/06 23:00,0.0
11/02/06 00:00,0.0
11/02/06 01:00,0.0
11/02/06 02:00,0.0
11/02/06 03:00,0.0
11/02/06 04:00,0.0
11/02/06 05:00,0.0
11/02/06 06:00,17.4
11/02/06 07:00,30.1
11/02/06 08:00,28.9
11/02/06 09:00,28.8
11/02/06 10:00,14.6
11/02/06 11:00,24.4
11/02/06 12:00,30.8
11/02/06 13:00,34.9
11/02/06 14:00,32.7
11/02/06 15:00,22.6
11/02/06 16:00,0.0
11/02/06 17:00,0.0
11/02/06 18:00,0.0
11/02/06 19:00,0.0
11/02/06 20:00,0.0
11/02/06 21:00,0.0
11/02/06 22:00,0.0
11/02/06 23:00,0.0
11/03/06 00:00,0.0
11/03/06 01:00,0.0
11/03/06 02:00,0.0
11/03/06 03:00,0.0
11/03/06 04:00,0.0
11/03/06 05:00,0.0
11/03/06 06:00,16.7
11/03/06 07:00,30.6
11/03/06 08:00,34.4
11/03/06 09:00,36.6
11/03/06 10:00,36.1
11/03/06 11:00,36.1
11/03/06 12:00,34.3
11/03/06 13:00,29.6
11/03/06 14:00,18.2
11/03/06 15:00,7.5
11/03/06 16:00,0.0
11/03/06 17:00,0.0
11/03/06 18:00,0.0
11/03/06 19:00,0.0
11/03/06 20:00,0.0
11/03/06 21:00,0.0
11/03/06 22:00,0.0
11/03/06 23:00,0.0
11/04/06 00:00,0.0
11/04/06 01:00,0.0
11/04/06 02:00,0.0
11/04/06 03:00,0.0
11/04/06 04:00,0.0
11/04/06 05:00,0.0
11/04/06 06:00,17.1
11/04/06 07:00,29.3
11/04/06 08:00,29.6
11/04/06 09:00,30.8
11/04/06 10:00,31.6
11/04/06 11:00,33.3
11/04/06 12:00,33.5
11/04/06 13:00,30.3
11/04/06 14:00,31.7
11/04/06 15:00,22.1
11/04/06 16:00,0.0
11/04/06 17:00,0.0
11/04/06 18:00,0.0
11/04/06 19:00,0.0
11/04/06 20:00,0.0
11/04/06 21:00,0.0
11/04/06 22:00,0.0
11/04/06 23:00,0.0
11/05/06 00:00,0.0
11/05/06 01:00,0.0
11/05/06 02:00,0.0
11/05/06 03:00,0.0
11/05/06 04:00,0.0
11/05/06 05:00,0.0
11/05/06 06:00,16.0
11/05/06 07:00,30.5
11/05/06 08:00,28.0
11/05/06 09:00,35.3
11/05/06 10:00,36.0
11/05/06 11:00,34.4
11/05/06 12:00,34.5
11/05/06 13:00,33.7
11/05/06 14:00,31.6
11/05/06 15:00,19.8
11/05/06 16:00,0.0
11/05/06 17:00,0.0
11/05/06 18:00,0.0
11/05/06 19:00,0.0
11/05/06 20:00,0.0
11/05/06 21:00,0.0
11/05/06 22:00,0.0
11/05/06 23:00,0.0
11/06/06 00:00,0.0
11/06/06 01:00,0.0
11/06/06 02:00,0.0
11/06/06 03:00,0.0
11/06/06 04:00,0.0
11/06/06 05:00,0.0
11/06/06 06:00,15.8
11/06/06 07:00,29.4
11/06/06 08:00,28.7
11/06/06 09:00,35.3
11/06/06 10:00,36.1
11/06/06 11:00,35.3
11/06/06 12:00,35.1
11/06/06 13:00,32.4
11/06/06 14:00,31.0
11/06/06 15:00,19.1
11/06/06 16:00,0.0
11/06/06 17:00,0.0
11/06/06 18:00,0.0
11/06/06 19:00,0.0
11/06/06 20:00,0.0
11/06/06 21:00,0.0
11/06/06 22:00,0.0
11/06/06 23:00,0.0
11/07/06 00:00,0.0
11/07/06 01:00,0.0
11/07/06 02:00,0.0
11/07/06 03:00,0.0
11/07/06 04:00,0.0
11/07/06 05:00,0.0
11/07/06 06:00,15.5
11/07/06 07:00,30.5
11/07/06 08:00,28.8
11/07/06 09:00,35.3
11/07/06 10:00,32.7
11/07/06 11:00,32.5
11/07/06 12:00,30.9
11/07/06 13:00,29.9
11/07/06 14:00,30.0
11/07/06 15:00,18.1
11/07/06 16:00,0.0
11/07/06 17:00,0.0
11/07/06 18:00,0.0
11/07/06 19:00,0.0
11/07/06 20:00,0.0
11/07/06 21:00,0.0
11/07/06 22:00,0.0
11/07/06 23:00,0.0
11/08/06 00:00,0.0
11/08/06 01:00,0.0
11/08/06 02:00,0.0
11/08/06 03:00,0.0
11/08/06 04:00,0.0
11/08/06 05:00,0.0
11/08/06 06:00,15.4
11/08/06 07:00,30.2
11/08/06 08:00,28.4
11/08/06 09:00,32.5
11/08/06 10:00,34.8
11/08/06 11:00,35.4
11/08/06 12:00,34.9
11/08/06 13:00,34.9
11/08/06 14:00,30.4
11/08/06 15:00,20.5
11/08/06 16:00,0.0
11/08/06 17:00,0.0
11/08/06 18:00,0.0
11/08/06 19:00,0.0
11/08/06 20:00,0.0
11/08/06 21:00,0.0
11/08/06 22:00,0.0
11/08/06 23:00,0.0
11/09/06 00:00,0.0
11/09/06 01:00,0.0
11/09/06 02:00,0.0
11/09/06 03:00,0.0
11/09/06 04:00,0.0
11/09/06 05:00,0.0
11/09/06 06:00,15.3
11/09/06 07:00,32.1
11/09/06 08:00,32.8
11/09/06 09:00,37.1
11/09/06 10:00,37.0
11/09/06 11:00,36.6
11/09/06 12:00,34.6
11/09/06 13:00,30.8
11/09/06 14:00,30.5
11/09/06 15:00,19.1
11/09/06 16:00,0.0
11/09/06 17:00,0.0
11/09/06 18:00,0.0
11/09/06 19:00,0.0
11/09/06 20:00,0.0
11/09/06 21:00,0.0
11/09/06 22:00,0.0
11/09/06 23:00,0.0
11/10/06 00:00,0.0
11/10/06 01:00,0.0
11/10/06 02:00,0.0
11/10/06 03:00,0.0
11/10/06 04:00,0.0
11/10/06 05:00,0.0
11/10/06 06:00,14.9
11/10/06 07:00,30.5
11/10/06 08:00,29.5
11/10/06 09:00,34.7
11/10/06 10:00,35.3
11/10/06 11:00,36.1
11/10/06 12:00,35.0
11/10/06 13:00,35.5
11/10/06 14:00,32.9
11/10/06 15:00,19.7
11/10/06 16:00,0.0
11/10/06 17:00,0.0
11/10/06 18:00,0.0
11/10/06 19:00,0.0
11/10/06 20:00,0.0
11/10/06 21:00,0.0
11/10/06 22:00,0.0
11/10/06 23:00,0.0
11/11/06 00:00,0.0
11/11/06 01:00,0.0
11/11/06 02:00,0.0
11/11/06 03:00,0.0
11/11/06 04:00,0.0
11/11/06 05:00,0.0
11/11/06 06:00,13.7
11/11/06 07:00,31.3
11/11/06 08:00,20.9
11/11/06 09:00,24.3
11/11/06 10:00,24.8
11/11/06 11:00,33.5
11/11/06 12:00,36.0
11/11/06 13:00,29.8
11/11/06 14:00,15.6
11/11/06 15:00,2.7
11/11/06 16:00,0.0
11/11/06 17:00,0.0
11/11/06 18:00,0.0
11/11/06 19:00,0.0
11/11/06 20:00,0.0
11/11/06 21:00,0.0
11/11/06 22:00,0.0
11/11/06 23:00,0.0
11/12/06 00:00,0.0
11/12/06 01:00,0.0
11/12/06 02:00,0.0
11/12/06 03:00,0.0
11/12/06 04:00,0.0
11/12/06 05:00,0.0
11/12/06 06:00,14.8
11/12/06 07:00,30.7
11/12/06 08:00,31.5
11/12/06 09:00,36.8
11/12/06 10:00,37.7
11/12/06 11:00,37.1
11/12/06 12:00,36.7
11/12/06 13:00,35.3
11/12/06 14:00,32.7
11/12/06 15:00,18.5
11/12/06 16:00,0.0
11/12/06 17:00,0.0
11/12/06 18:00,0.0
11/12/06 19:00,0.0
11/12/06 20:00,0.0
11/12/06 21:00,0.0
11/12/06 22:00,0.0
11/12/06 23:00,0.0
11/13/06 00:00,0.0
11/13/06 01:00,0.0
11/13/06 02:00,0.0
11/13/06 03:00,0.0
11/13/06 04:00,0.0
11/13/06 05:00,0.0
11/13/06 06:00,13.7
11/13/06 07:00,30.4
11/13/06 08:00,34.8
11/13/06 09:00,36.2
11/13/06 10:00,36.1
11/13/06 11:00,34.9
11/13/06 12:00,36.8
11/13/06 13:00,33.6
11/13/06 14:00,26.3
11/13/06 15:00,9.0
11/13/06 16:00,0.0
11/13/06 17:00,0.0
11/13/06 18:00,0.0
11/13/06 19:00,0.0
11/13/06 20:00,0.0
11/13/06 21:00,0.0
11/13/06 22:00,0.0
11/13/06 23:00,0.0
11/14/06 00:00,0.0
11/14/06 01:00,0.0
11/14/06 02:00,0.0
11/14/06 03:00,0.0
11/14/06 04:00,0.0
11/14/06 05:00,0.0
11/14/06 06:00,13.0
11/14/06 07:00,29.7
11/14/06 08:00,34.1
11/14/06 09:00,37.3
11/14/06 10:00,34.6
11/14/06 11:00,32.4
11/14/06 12:00,26.7
11/14/06 13:00,32.8
11/14/06 14:00,32.1
11/14/06 15:00,17.7
11/14/06 16:00,0.0
11/14/06 17:00,0.0
11/14/06 18:00,0.0
11/14/06 19:00,0.0
11/14/06 20:00,0.0
11/14/06 21:00,0.0
11/14/06 22:00,0.0
11/14/06 23:00,0.0
11/15/06 00:00,0.0
11/15/06 01:00,0.0
11/15/06 02:00,0.0
11/15/06 03:00,0.0
11/15/06 04:00,0.0
11/15/06 05:00,0.0
11/15/06 06:00,13.9
11/15/06 07:00,30.2
11/15/06 08:00,30.0
11/15/06 09:00,33.4
11/15/06 10:00,33.7
11/15/06 11:00,32.0
11/15/06 12:00,32.4
11/15/06 13:00,32.2
11/15/06 14:00,28.9
11/15/06 15:00,16.5
11/15/06 16:00,0.0
11/15/06 17:00,0.0
11/15/06 18:00,0.0
11/15/06 19:00,0.0
11/15/06 20:00,0.0
11/15/06 21:00,0.0
11/15/06 22:00,0.0
11/15/06 23:00,0.0
11/16/06 00:00,0.0
11/16/06 01:00,0.0
11/16/06 02:00,0.0
11/16/06 03:00,0.0
11/16/06 04:00,0.0
11/16/06 05:00,0.0
11/16/06 06:00,13.8
11/16/06 07:00,30.9
11/16/06 08:00,28.8
11/16/06 09:00,32.8
11/16/06 10:00,32.6
11/16/06 11:00,33.0
11/16/06 12:00,31.2
11/16/06 13:00,29.6
11/16/06 14:00,27.7
11/16/06 15:00,16.2
11/16/06 16:00,0.0
11/16/06 17:00,0.0
11/16/06 18:00,0.0
11/16/06 19:00,0.0
11/16/06 20:00,0.0
11/16/06 21:00,0.0
11/16/06 22:00,0.0
11/16/06 23:00,0.0
11/17/06 00:00,0.0
11/17/06 01:00,0.0
11/17/06 02:00,0.0
11/17/06 03:00,0.0
11/17/06 04:00,0.0
11/17/06 05:00,0.0
11/17/06 06:00,13.2
11/17/06 07:00,29.8
11/17/06 08:00,29.2
11/17/06 09:00,33.6
11/17/06 10:00,34.9
11/17/06 11:00,34.5
11/17/06 12:00,34.0
11/17/06 13:00,33.9
11/17/06 14:00,31.4
11/17/06 15:00,17.5
11/17/06 16:00,0.0
11/17/06 17:00,0.0
11/17/06 18:00,0.0
11/17/06 19:00,0.0
11/17/06 20:00,0.0
11/17/06 21:00,0.0
11/17/06 22:00,0.0
11/17/06 23:00,0.0
11/18/06 00:00,0.0
11/18/06 01:00,0.0
11/18/06 02:00,0.0
11/18/06 03:00,0.0
11/18/06 04:00,0.0
11/18/06 05:00,0.0
11/18/06 06:00,0.0
11/18/06 07:00,29.4
11/18/06 08:00,33.3
11/18/06 09:00,33.0
11/18/06 10:00,34.7
11/18/06 11:00,35.0
11/18/06 12:00,34.0
11/18/06 13:00,31.7
11/18/06 14:00,29.0
11/18/06 15:00,15.6
11/18/06 16:00,0.0
11/18/06 17:00,0.0
11/18/06 18:00,0.0
11/18/06 19:00,0.0
11/18/06 20:00,0.0
11/18/06 21:00,0.0
11/18/06 22:00,0.0
11/18/06 23:00,0.0
11/19/06 00:00,0.0
11/19/06 01:00,0.0
11/19/06 02:00,0.0
11/19/06 03:00,0.0
11/19/06 04:00,0.0
11/19/06 05:00,0.0
11/19/06 06:00,0.0
11/19/06 07:00,28.0
11/19/06 08:00,33.9
11/19/06 09:00,33.5
11/19/06 10:00,34.6
11/19/06 11:00,33.0
11/19/06 12:00,32.8
11/19/06 13:00,29.5
11/19/06 14:00,28.0
11/19/06 15:00,15.6
11/19/06 16:00,0.0
11/19/06 17:00,0.0
11/19/06 18:00,0.0
11/19/06 19:00,0.0
11/19/06 20:00,0.0
11/19/06 21:00,0.0
11/19/06 22:00,0.0
11/19/06 23:00,0.0
11/20/06 00:00,0.0
11/20/06 01:00,0.0
11/20/06 02:00,0.0
11/20/06 03:00,0.0
11/20/06 04:00,0.0
11/20/06 05:00,0.0
11/20/06 06:00,0.0
11/20/06 07:00,28.6
11/20/06 08:00,32.2
11/20/06 09:00,32.8
11/20/06 10:00,33.2
11/20/06 11:00,32.4
11/20/06 12:00,25.6
11/20/06 13:00,29.9
11/20/06 14:00,29.9
11/20/06 15:00,16.0
11/20/06 16:00,0.0
11/20/06 17:00,0.0
11/20/06 18:00,0.0
11/20/06 19:00,0.0
11/20/06 20:00,0.0
11/20/06 21:00,0.0
11/20/06 22:00,0.0
11/20/06 23:00,0.0
11/21/06 00:00,0.0
11/21/06 01:00,0.0
11/21/06 02:00,0.0
11/21/06 03:00,0.0
11/21/06 04:00,0.0
11/21/06 05:00,0.0
11/21/06 06:00,0.0
11/21/06 07:00,27.4
11/21/06 08:00,32.6
11/21/06 09:00,33.0
11/21/06 10:00,34.8
11/21/06 11:00,35.4
11/21/06 12:00,33.4
11/21/06 13:00,31.9
11/21/06 14:00,27.3
11/21/06 15:00,11.0
11/21/06 16:00,0.0
11/21/06 17:00,0.0
11/21/06 18:00,0.0
11/21/06 19:00,0.0
11/21/06 20:00,0.0
11/21/06 21:00,0.0
11/21/06 22:00,0.0
11/21/06 23:00,0.0
11/22/06 00:00,0.0
11/22/06 01:00,0.0
11/22/06 02:00,0.0
11/22/06 03:00,0.0
11/22/06 04:00,0.0
11/22/06 05:00,0.0
11/22/06 06:00,0.0
11/22/06 07:00,28.1
11/22/06 08:00,33.1
11/22/06 09:00,9.3
11/22/06 10:00,18.5
11/22/06 11:00,23.6
11/22/06 12:00,29.8
11/22/06 13:00,21.8
11/22/06 14:00,10.6
11/22/06 15:00,4.5
11/22/06 16:00,0.0
11/22/06 17:00,0.0
11/22/06 18:00,0.0
11/22/06 19:00,0.0
11/22/06 20:00,0.0
11/22/06 21:00,0.0
11/22/06 22:00,0.0
11/22/06 23:00,0.0
11/23/06 00:00,0.0
11/23/06 01:00,0.0
11/23/06 02:00,0.0
11/23/06 03:00,0.0
11/23/06 04:00,0.0
11/23/06 05:00,0.0
11/23/06 06:00,0.0
11/23/06 07:00,29.3
11/23/06 08:00,35.6
11/23/06 09:00,23.1
11/23/06 10:00,21.0
11/23/06 11:00,20.9
11/23/06 12:00,26.4
11/23/06 13:00,31.2
11/23/06 14:00,22.3
11/23/06 15:00,6.4
11/23/06 16:00,0.0
11/23/06 17:00,0.0
11/23/06 18:00,0.0
11/23/06 19:00,0.0
11/23/06 20:00,0.0
11/23/06 21:00,0.0
11/23/06 22:00,0.0
11/23/06 23:00,0.0
11/24/06 00:00,0.0
11/24/06 01:00,0.0
11/24/06 02:00,0.0
11/24/06 03:00,0.0
11/24/06 04:00,0.0
11/24/06 05:00,0.0
11/24/06 06:00,0.0
11/24/06 07:00,28.0
11/24/06 08:00,33.3
11/24/06 09:00,34.4
11/24/06 10:00,35.8
11/24/06 11:00,35.3
11/24/06 12:00,33.2
11/24/06 13:00,32.2
11/24/06 14:00,31.1
11/24/06 15:00,16.2
11/24/06 16:00,0.0
11/24/06 17:00,0.0
11/24/06 18:00,0.0
11/24/06 19:00,0.0
11/24/06 20:00,0.0
11/24/06 21:00,0.0
11/24/06 22:00,0.0
11/24/06 23:00,0.0
11/25/06 00:00,0.0
11/25/06 01:00,0.0
11/25/06 02:00,0.0
11/25/06 03:00,0.0
11/25/06 04:00,0.0
11/25/06 05:00,0.0
11/25/06 06:00,0.0
11/25/06 07:00,29.1
11/25/06 08:00,35.6
11/25/06 09:00,34.3
11/25/06 10:00,35.7
11/25/06 11:00,35.4
11/25/06 12:00,35.6
11/25/06 13:00,34.3
11/25/06 14:00,30.9
11/25/06 15:00,16.5
11/25/06 16:00,0.0
11/25/06 17:00,0.0
11/25/06 18:00,0.0
11/25/06 19:00,0.0
11/25/06 20:00,0.0
11/25/06 21:00,0.0
11/25/06 22:00,0.0
11/25/06 23:00,0.0
11/26/06 00:00,0.0
11/26/06 01:00,0.0
11/26/06 02:00,0.0
11/26/06 03:00,0.0
11/26/06 04:00,0.0
11/26/06 05:00,0.0
11/26/06 06:00,0.0
11/26/06 07:00,29.2
11/26/06 08:00,35.0
11/26/06 09:00,33.7
11/26/06 10:00,35.6
11/26/06 11:00,36.5
11/26/06 12:00,35.5
11/26/06 13:00,32.2
11/26/06 14:00,30.9
11/26/06 15:00,15.4
11/26/06 16:00,0.0
11/26/06 17:00,0.0
11/26/06 18:00,0.0
11/26/06 19:00,0.0
11/26/06 20:00,0.0
11/26/06 21:00,0.0
11/26/06 22:00,0.0
11/26/06 23:00,0.0
11/27/06 00:00,0.0
11/27/06 01:00,0.0
11/27/06 02:00,0.0
11/27/06 03:00,0.0
11/27/06 04:00,0.0
11/27/06 05:00,0.0
11/27/06 06:00,0.0
11/27/06 07:00,0.0
11/27/06 08:00,1.1
11/27/06 09:00,35.2
11/27/06 10:00,29.7
11/27/06 11:00,13.7
11/27/06 12:00,31.8
11/27/06 13:00,31.4
11/27/06 14:00,19.1
11/27/06 15:00,10.9
11/27/06 16:00,0.0
11/27/06 17:00,0.0
11/27/06 18:00,0.0
11/27/06 19:00,0.0
11/27/06 20:00,0.0
11/27/06 21:00,0.0
11/27/06 22:00,0.0
11/27/06 23:00,0.0
11/28/06 00:00,0.0
11/28/06 01:00,0.0
11/28/06 02:00,0.0
11/28/06 03:00,0.0
11/28/06 04:00,0.0
11/28/06 05:00,0.0
11/28/06 06:00,0.0
11/28/06 07:00,30.7
11/28/06 08:00,38.0
11/28/06 09:00,39.0
11/28/06 10:00,38.9
11/28/06 11:00,38.6
11/28/06 12:00,38.5
11/28/06 13:00,37.2
11/28/06 14:00,31.9
11/28/06 15:00,15.7
11/28/06 16:00,0.0
11/28/06 17:00,0.0
11/28/06 18:00,0.0
11/28/06 19:00,0.0
11/28/06 20:00,0.0
11/28/06 21:00,0.0
11/28/06 22:00,0.0
11/28/06 23:00,0.0
11/29/06 00:00,0.0
11/29/06 01:00,0.0
11/29/06 02:00,0.0
11/29/06 03:00,0.0
11/29/06 04:00,0.0
11/29/06 05:00,0.0
11/29/06 06:00,0.0
11/29/06 07:00,30.2
11/29/06 08:00,37.7
11/29/06 09:00,37.8
11/29/06 10:00,39.0
11/29/06 11:00,38.3
11/29/06 12:00,37.7
11/29/06 13:00,36.4
11/29/06 14:00,30.9
11/29/06 15:00,11.9
11/29/06 16:00,0.0
11/29/06 17:00,0.0
11/29/06 18:00,0.0
11/29/06 19:00,0.0
11/29/06 20:00,0.0
11/29/06 21:00,0.0
11/29/06 22:00,0.0
11/29/06 23:00,0.0
11/30/06 00:00,0.0
11/30/06 01:00,0.0
11/30/06 02:00,0.0
11/30/06 03:00,0.0
11/30/06 04:00,0.0
11/30/06 05:00,0.0
11/30/06 06:00,0.0
11/30/06 07:00,28.6
11/30/06 08:00,36.2
11/30/06 09:00,36.3
11/30/06 10:00,37.0
11/30/06 11:00,37.1
11/30/06 12:00,35.9
11/30/06 13:00,34.5
11/30/06 14:00,33.2
11/30/06 15:00,16.1
11/30/06 16:00,0.0
11/30/06 17:00,0.0
11/30/06 18:00,0.0
11/30/06 19:00,0.0
11/30/06 20:00,0.0
11/30/06 21:00,0.0
11/30/06 22:00,0.0
11/30/06 23:00,0.0
12/01/06 00:00,0.0
12/01/06 01:00,0.0
12/01/06 02:00,0.0
12/01/06 03:00,0.0
12/01/06 04:00,0.0
12/01/06 05:00,0.0
12/01/06 06:00,0.0
12/01/06 07:00,28.4
12/01/06 08:00,34.8
12/01/06 09:00,34.2
12/01/06 10:00,34.1
12/01/06 11:00,32.0
12/01/06 12:00,29.2
12/01/06 13:00,30.1
12/01/06 14:00,31.5
12/01/06 15:00,14.0
12/01/06 16:00,0.0
12/01/06 17:00,0.0
12/01/06 18:00,0.0
12/01/06 19:00,0.0
12/01/06 20:00,0.0
12/01/06 21:00,0.0
12/01/06 22:00,0.0
12/01/06 23:00,0.0
12/02/06 00:00,0.0
12/02/06 01:00,0.0
12/02/06 02:00,0.0
12/02/06 03:00,0.0
12/02/06 04:00,0.0
12/02/06 05:00,0.0
12/02/06 06:00,0.0
12/02/06 07:00,27.1
12/02/06 08:00,35.0
12/02/06 09:00,35.6
12/02/06 10:00,36.1
12/02/06 11:00,35.9
12/02/06 12:00,36.2
12/02/06 13:00,34.4
12/02/06 14:00,29.3
12/02/06 15:00,12.5
12/02/06 16:00,0.0
12/02/06 17:00,0.0
12/02/06 18:00,0.0
12/02/06 19:00,0.0
12/02/06 20:00,0.0
12/02/06 21:00,0.0
12/02/06 22:00,0.0
12/02/06 23:00,0.0
12/03/06 00:00,0.0
12/03/06 01:00,0.0
12/03/06 02:00,0.0
12/03/06 03:00,0.0
12/03/06 04:00,0.0
12/03/06 05:00,0.0
12/03/06 06:00,0.0
12/03/06 07:00,28.6
12/03/06 08:00,34.2
12/03/06 09:00,36.5
12/03/06 10:00,37.2
12/03/06 11:00,33.4
12/03/06 12:00,36.4
12/03/06 13:00,35.0
12/03/06 14:00,31.7
12/03/06 15:00,15.3
12/03/06 16:00,0.0
12/03/06 17:00,0.0
12/03/06 18:00,0.0
12/03/06 19:00,0.0
12/03/06 20:00,0.0
12/03/06 21:00,0.0
12/03/06 22:00,0.0
12/03/06 23:00,0.0
12/04/06 00:00,0.0
12/04/06 01:00,0.0
12/04/06 02:00,0.0
12/04/06 03:00,0.0
12/04/06 04:00,0.0
12/04/06 05:00,0.0
12/04/06 06:00,0.0
12/04/06 07:00,28.7
12/04/06 08:00,33.7
12/04/06 09:00,33.9
12/04/06 10:00,33.6
12/04/06 11:00,32.9
12/04/06 12:00,29.8
12/04/06 13:00,29.8
12/04/06 14:00,28.0
12/04/06 15:00,13.5
12/04/06 16:00,0.0
12/04/06 17:00,0.0
12/04/06 18:00,0.0
12/04/06 19:00,0.0
12/04/06 20:00,0.0
12/04/06 21:00,0.0
12/04/06 22:00,0.0
12/04/06 23:00,0.0
12/05/06 00:00,0.0
12/05/06 01:00,0.0
12/05/06 02:00,0.0
12/05/06 03:00,0.0
12/05/06 04:00,0.0
12/05/06 05:00,0.0
12/05/06 06:00,0.0
12/05/06 07:00,27.9
12/05/06 08:00,33.0
12/05/06 09:00,33.9
12/05/06 10:00,33.8
12/05/06 11:00,33.9
12/05/06 12:00,31.7
12/05/06 13:00,29.1
12/05/06 14:00,26.4
12/05/06 15:00,14.5
12/05/06 16:00,0.0
12/05/06 17:00,0.0
12/05/06 18:00,0.0
12/05/06 19:00,0.0
12/05/06 20:00,0.0
12/05/06 21:00,0.0
12/05/06 22:00,0.0
12/05/06 23:00,0.0
12/06/06 00:00,0.0
12/06/06 01:00,0.0
12/06/06 02:00,0.0
12/06/06 03:00,0.0
12/06/06 04:00,0.0
12/06/06 05:00,0.0
12/06/06 06:00,0.0
12/06/06 07:00,27.7
12/06/06 08:00,32.6
12/06/06 09:00,33.3
12/06/06 10:00,34.0
12/06/06 11:00,33.7
12/06/06 12:00,33.8
12/06/06 13:00,32.3
12/06/06 14:00,29.0
12/06/06 15:00,14.0
12/06/06 16:00,0.0
12/06/06 17:00,0.0
12/06/06 18:00,0.0
12/06/06 19:00,0.0
12/06/06 20:00,0.0
12/06/06 21:00,0.0
12/06/06 22:00,0.0
12/06/06 23:00,0.0
12/07/06 00:00,0.0
12/07/06 01:00,0.0
12/07/06 02:00,0.0
12/07/06 03:00,0.0
12/07/06 04:00,0.0
12/07/06 05:00,0.0
12/07/06 06:00,0.0
12/07/06 07:00,26.4
12/07/06 08:00,31.8
12/07/06 09:00,33.6
12/07/06 10:00,32.7
12/07/06 11:00,33.3
12/07/06 12:00,33.9
12/07/06 13:00,34.1
12/07/06 14:00,30.7
12/07/06 15:00,13.9
12/07/06 16:00,0.0
12/07/06 17:00,0.0
12/07/06 18:00,0.0
12/07/06 19:00,0.0
12/07/06 20:00,0.0
12/07/06 21:00,0.0
12/07/06 22:00,0.0
12/07/06 23:00,0.0
12/08/06 00:00,0.0
12/08/06 01:00,0.0
12/08/06 02:00,0.0
12/08/06 03:00,0.0
12/08/06 04:00,0.0
12/08/06 05:00,0.0
12/08/06 06:00,0.0
12/08/06 07:00,25.4
12/08/06 08:00,31.8
12/08/06 09:00,32.6
12/08/06 10:00,33.1
12/08/06 11:00,33.2
12/08/06 12:00,33.5
12/08/06 13:00,32.0
12/08/06 14:00,27.5
12/08/06 15:00,12.3
12/08/06 16:00,0.0
12/08/06 17:00,0.0
12/08/06 18:00,0.0
12/08/06 19:00,0.0
12/08/06 20:00,0.0
12/08/06 21:00,0.0
12/08/06 22:00,0.0
12/08/06 23:00,0.0
12/09/06 00:00,0.0
12/09/06 01:00,0.0
12/09/06 02:00,0.0
12/09/06 03:00,0.0
12/09/06 04:00,0.0
12/09/06 05:00,0.0
12/09/06 06:00,0.0
12/09/06 07:00,25.3
12/09/06 08:00,33.5
12/09/06 09:00,35.0
12/09/06 10:00,36.6
12/09/06 11:00,35.1
12/09/06 12:00,33.4
12/09/06 13:00,30.9
12/09/06 14:00,27.7
12/09/06 15:00,15.2
12/09/06 16:00,0.0
12/09/06 17:00,0.0
12/09/06 18:00,0.0
12/09/06 19:00,0.0
12/09/06 20:00,0.0
12/09/06 21:00,0.0
12/09/06 22:00,0.0
12/09/06 23:00,0.0
12/10/06 00:00,0.0
12/10/06 01:00,0.0
12/10/06 02:00,0.0
12/10/06 03:00,0.0
12/10/06 04:00,0.0
12/10/06 05:00,0.0
12/10/06 06:00,0.0
12/10/06 07:00,27.1
12/10/06 08:00,35.0
12/10/06 09:00,37.1
12/10/06 10:00,37.5
12/10/06 11:00,37.0
12/10/06 12:00,36.5
12/10/06 13:00,34.7
12/10/06 14:00,29.4
12/10/06 15:00,14.5
12/10/06 16:00,0.0
12/10/06 17:00,0.0
12/10/06 18:00,0.0
12/10/06 19:00,0.0
12/10/06 20:00,0.0
12/10/06 21:00,0.0
12/10/06 22:00,0.0
12/10/06 23:00,0.0
12/11/06 00:00,0.0
12/11/06 01:00,0.0
12/11/06 02:00,0.0
12/11/06 03:00,0.0
12/11/06 04:00,0.0
12/11/06 05:00,0.0
12/11/06 06:00,0.0
12/11/06 07:00,25.9
12/11/06 08:00,31.9
12/11/06 09:00,33.6
12/11/06 10:00,33.9
12/11/06 11:00,35.1
12/11/06 12:00,34.6
12/11/06 13:00,32.9
12/11/06 14:00,31.6
12/11/06 15:00,15.1
12/11/06 16:00,0.0
12/11/06 17:00,0.0
12/11/06 18:00,0.0
12/11/06 19:00,0.0
12/11/06 20:00,0.0
12/11/06 21:00,0.0
12/11/06 22:00,0.0
12/11/06 23:00,0.0
12/12/06 00:00,0.0
12/12/06 01:00,0.0
12/12/06 02:00,0.0
12/12/06 03:00,0.0
12/12/06 04:00,0.0
12/12/06 05:00,0.0
12/12/06 06:00,0.0
12/12/06 07:00,25.1
12/12/06 08:00,31.2
12/12/06 09:00,19.9
12/12/06 10:00,23.0
12/12/06 11:00,27.9
12/12/06 12:00,29.0
12/12/06 13:00,20.9
12/12/06 14:00,29.5
12/12/06 15:00,15.4
12/12/06 16:00,0.0
12/12/06 17:00,0.0
12/12/06 18:00,0.0
12/12/06 19:00,0.0
12/12/06 20:00,0.0
12/12/06 21:00,0.0
12/12/06 22:00,0.0
12/12/06 23:00,0.0
12/13/06 00:00,0.0
12/13/06 01:00,0.0
12/13/06 02:00,0.0
12/13/06 03:00,0.0
12/13/06 04:00,0.0
12/13/06 05:00,0.0
12/13/06 06:00,0.0
12/13/06 07:00,25.9
12/13/06 08:00,31.7
12/13/06 09:00,31.3
12/13/06 10:00,32.2
12/13/06 11:00,32.4
12/13/06 12:00,31.8
12/13/06 13:00,32.9
12/13/06 14:00,30.5
12/13/06 15:00,15.1
12/13/06 16:00,0.0
12/13/06 17:00,0.0
12/13/06 18:00,0.0
12/13/06 19:00,0.0
12/13/06 20:00,0.0
12/13/06 21:00,0.0
12/13/06 22:00,0.0
12/13/06 23:00,0.0
12/14/06 00:00,0.0
12/14/06 01:00,0.0
12/14/06 02:00,0.0
12/14/06 03:00,0.0
12/14/06 04:00,0.0
12/14/06 05:00,0.0
12/14/06 06:00,0.0
12/14/06 07:00,25.1
12/14/06 08:00,31.9
12/14/06 09:00,27.8
12/14/06 10:00,32.2
12/14/06 11:00,26.4
12/14/06 12:00,26.8
12/14/06 13:00,32.5
12/14/06 14:00,29.1
12/14/06 15:00,14.6
12/14/06 16:00,0.0
12/14/06 17:00,0.0
12/14/06 18:00,0.0
12/14/06 19:00,0.0
12/14/06 20:00,0.0
12/14/06 21:00,0.0
12/14/06 22:00,0.0
12/14/06 23:00,0.0
12/15/06 00:00,0.0
12/15/06 01:00,0.0
12/15/06 02:00,0.0
12/15/06 03:00,0.0
12/15/06 04:00,0.0
12/15/06 05:00,0.0
12/15/06 06:00,0.0
12/15/06 07:00,25.9
12/15/06 08:00,33.3
12/15/06 09:00,30.6
12/15/06 10:00,32.5
12/15/06 11:00,29.9
12/15/06 12:00,27.7
12/15/06 13:00,30.7
12/15/06 14:00,25.4
12/15/06 15:00,13.1
12/15/06 16:00,0.0
12/15/06 17:00,0.0
12/15/06 18:00,0.0
12/15/06 19:00,0.0
12/15/06 20:00,0.0
12/15/06 21:00,0.0
12/15/06 22:00,0.0
12/15/06 23:00,0.0
12/16/06 00:00,0.0
12/16/06 01:00,0.0
12/16/06 02:00,0.0
12/16/06 03:00,0.0
12/16/06 04:00,0.0
12/16/06 05:00,0.0
12/16/06 06:00,0.0
12/16/06 07:00,26.4
12/16/06 08:00,35.4
12/16/06 09:00,12.1
12/16/06 10:00,10.0
12/16/06 11:00,12.0
12/16/06 12:00,15.1
12/16/06 13:00,14.9
12/16/06 14:00,17.5
12/16/06 15:00,4.0
12/16/06 16:00,0.0
12/16/06 17:00,0.0
12/16/06 18:00,0.0
12/16/06 19:00,0.0
12/16/06 20:00,0.0
12/16/06 21:00,0.0
12/16/06 22:00,0.0
12/16/06 23:00,0.0
12/17/06 00:00,0.0
12/17/06 01:00,0.0
12/17/06 02:00,0.0
12/17/06 03:00,0.0
12/17/06 04:00,0.0
12/17/06 05:00,0.0
12/17/06 06:00,0.0
12/17/06 07:00,26.0
12/17/06 08:00,34.1
12/17/06 09:00,31.8
12/17/06 10:00,37.5
12/17/06 11:00,37.5
12/17/06 12:00,37.3
12/17/06 13:00,36.8
12/17/06 14:00,33.6
12/17/06 15:00,17.1
12/17/06 16:00,0.0
12/17/06 17:00,0.0
12/17/06 18:00,0.0
12/17/06 19:00,0.0
12/17/06 20:00,0.0
12/17/06 21:00,0.0
12/17/06 22:00,0.0
12/17/06 23:00,0.0
12/18/06 00:00,0.0
12/18/06 01:00,0.0
12/18/06 02:00,0.0
12/18/06 03:00,0.0
12/18/06 04:00,0.0
12/18/06 05:00,0.0
12/18/06 06:00,0.0
12/18/06 07:00,25.1
12/18/06 08:00,32.5
12/18/06 09:00,33.1
12/18/06 10:00,36.2
12/18/06 11:00,29.8
12/18/06 12:00,25.7
12/18/06 13:00,24.3
12/18/06 14:00,23.6
12/18/06 15:00,9.2
12/18/06 16:00,0.0
12/18/06 17:00,0.0
12/18/06 18:00,0.0
12/18/06 19:00,0.0
12/18/06 20:00,0.0
12/18/06 21:00,0.0
12/18/06 22:00,0.0
12/18/06 23:00,0.0
12/19/06 00:00,0.0
12/19/06 01:00,0.0
12/19/06 02:00,0.0
12/19/06 03:00,0.0
12/19/06 04:00,0.0
12/19/06 05:00,0.0
12/19/06 06:00,0.0
12/19/06 07:00,26.5
12/19/06 08:00,33.5
12/19/06 09:00,31.7
12/19/06 10:00,36.0
12/19/06 11:00,35.2
12/19/06 12:00,35.3
12/19/06 13:00,33.6
12/19/06 14:00,32.4
12/19/06 15:00,16.6
12/19/06 16:00,0.0
12/19/06 17:00,0.0
12/19/06 18:00,0.0
12/19/06 19:00,0.0
12/19/06 20:00,0.0
12/19/06 21:00,0.0
12/19/06 22:00,0.0
12/19/06 23:00,0.0
12/20/06 00:00,0.0
12/20/06 01:00,0.0
12/20/06 02:00,0.0
12/20/06 03:00,0.0
12/20/06 04:00,0.0
12/20/06 05:00,0.0
12/20/06 06:00,0.0
12/20/06 07:00,25.9
12/20/06 08:00,33.5
12/20/06 09:00,34.2
12/20/06 10:00,34.0
12/20/06 11:00,34.1
12/20/06 12:00,35.3
12/20/06 13:00,33.9
12/20/06 14:00,31.1
12/20/06 15:00,16.4
12/20/06 16:00,0.0
12/20/06 17:00,0.0
12/20/06 18:00,0.0
12/20/06 19:00,0.0
12/20/06 20:00,0.0
12/20/06 21:00,0.0
12/20/06 22:00,0.0
12/20/06 23:00,0.0
12/21/06 00:00,0.0
12/21/06 01:00,0.0
12/21/06 02:00,0.0
12/21/06 03:00,0.0
12/21/06 04:00,0.0
12/21/06 05:00,0.0
12/21/06 06:00,0.0
12/21/06 07:00,25.2
12/21/06 08:00,32.6
12/21/06 09:00,31.3
12/21/06 10:00,32.0
12/21/06 11:00,33.6
12/21/06 12:00,34.5
12/21/06 13:00,33.4
12/21/06 14:00,30.2
12/21/06 15:00,16.1
12/21/06 16:00,0.0
12/21/06 17:00,0.0
12/21/06 18:00,0.0
12/21/06 19:00,0.0
12/21/06 20:00,0.0
12/21/06 21:00,0.0
12/21/06 22:00,0.0
12/21/06 23:00,0.0
12/22/06 00:00,0.0
12/22/06 01:00,0.0
12/22/06 02:00,0.0
12/22/06 03:00,0.0
12/22/06 04:00,0.0
12/22/06 05:00,0.0
12/22/06 06:00,0.0
12/22/06 07:00,24.8
12/22/06 08:00,33.9
12/22/06 09:00,35.1
12/22/06 10:00,33.8
12/22/06 11:00,34.2
12/22/06 12:00,18.7
12/22/06 13:00,29.7
12/22/06 14:00,29.7
12/22/06 15:00,17.8
12/22/06 16:00,0.0
12/22/06 17:00,0.0
12/22/06 18:00,0.0
12/22/06 19:00,0.0
12/22/06 20:00,0.0
12/22/06 21:00,0.0
12/22/06 22:00,0.0
12/22/06 23:00,0.0
12/23/06 00:00,0.0
12/23/06 01:00,0.0
12/23/06 02:00,0.0
12/23/06 03:00,0.0
12/23/06 04:00,0.0
12/23/06 05:00,0.0
12/23/06 06:00,0.0
12/23/06 07:00,24.0
12/23/06 08:00,30.7
12/23/06 09:00,28.4
12/23/06 10:00,35.7
12/23/06 11:00,34.1
12/23/06 12:00,34.8
12/23/06 13:00,34.6
12/23/06 14:00,30.9
12/23/06 15:00,18.1
12/23/06 16:00,0.0
12/23/06 17:00,0.0
12/23/06 18:00,0.0
12/23/06 19:00,0.0
12/23/06 20:00,0.0
12/23/06 21:00,0.0
12/23/06 22:00,0.0
12/23/06 23:00,0.0
12/24/06 00:00,0.0
12/24/06 01:00,0.0
12/24/06 02:00,0.0
12/24/06 03:00,0.0
12/24/06 04:00,0.0
12/24/06 05:00,0.0
12/24/06 06:00,0.0
12/24/06 07:00,25.1
12/24/06 08:00,32.5
12/24/06 09:00,32.6
12/24/06 10:00,35.1
12/24/06 11:00,34.8
12/24/06 12:00,32.9
12/24/06 13:00,31.4
12/24/06 14:00,25.3
12/24/06 15:00,11.9
12/24/06 16:00,0.0
12/24/06 17:00,0.0
12/24/06 18:00,0.0
12/24/06 19:00,0.0
12/24/06 20:00,0.0
12/24/06 21:00,0.0
12/24/06 22:00,0.0
12/24/06 23:00,0.0
12/25/06 00:00,0.0
12/25/06 01:00,0.0
12/25/06 02:00,0.0
12/25/06 03:00,0.0
12/25/06 04:00,0.0
12/25/06 05:00,0.0
12/25/06 06:00,0.0
12/25/06 07:00,24.0
12/25/06 08:00,31.9
12/25/06 09:00,29.4
12/25/06 10:00,33.9
12/25/06 11:00,33.4
12/25/06 12:00,30.7
12/25/06 13:00,30.4
12/25/06 14:00,28.1
12/25/06 15:00,12.7
12/25/06 16:00,0.0
12/25/06 17:00,0.0
12/25/06 18:00,0.0
12/25/06 19:00,0.0
12/25/06 20:00,0.0
12/25/06 21:00,0.0
12/25/06 22:00,0.0
12/25/06 23:00,0.0
12/26/06 00:00,0.0
12/26/06 01:00,0.0
12/26/06 02:00,0.0
12/26/06 03:00,0.0
12/26/06 04:00,0.0
12/26/06 05:00,0.0
12/26/06 06:00,0.0
12/26/06 07:00,18.7
12/26/06 08:00,26.5
12/26/06 09:00,32.3
12/26/06 10:00,27.3
12/26/06 11:00,25.3
12/26/06 12:00,17.2
12/26/06 13:00,20.3
12/26/06 14:00,6.1
12/26/06 15:00,1.9
12/26/06 16:00,0.0
12/26/06 17:00,0.0
12/26/06 18:00,0.0
12/26/06 19:00,0.0
12/26/06 20:00,0.0
12/26/06 21:00,0.0
12/26/06 22:00,0.0
12/26/06 23:00,0.0
12/27/06 00:00,0.0
12/27/06 01:00,0.0
12/27/06 02:00,0.0
12/27/06 03:00,0.0
12/27/06 04:00,0.0
12/27/06 05:00,0.0
12/27/06 06:00,0.0
12/27/06 07:00,23.5
12/27/06 08:00,0.0
12/27/06 09:00,32.2
12/27/06 10:00,37.4
12/27/06 11:00,37.6
12/27/06 12:00,34.0
12/27/06 13:00,31.0
12/27/06 14:00,24.5
12/27/06 15:00,7.7
12/27/06 16:00,0.0
12/27/06 17:00,0.0
12/27/06 18:00,0.0
12/27/06 19:00,0.0
12/27/06 20:00,0.0
12/27/06 21:00,0.0
12/27/06 22:00,0.0
12/27/06 23:00,0.0
12/28/06 00:00,0.0
12/28/06 01:00,0.0
12/28/06 02:00,0.0
12/28/06 03:00,0.0
12/28/06 04:00,0.0
12/28/06 05:00,0.0
12/28/06 06:00,0.0
12/28/06 07:00,25.6
12/28/06 08:00,34.3
12/28/06 09:00,30.6
12/28/06 10:00,36.1
12/28/06 11:00,37.2
12/28/06 12:00,35.3
12/28/06 13:00,35.5
12/28/06 14:00,32.9
12/28/06 15:00,18.8
12/28/06 16:00,0.0
12/28/06 17:00,0.0
12/28/06 18:00,0.0
12/28/06 19:00,0.0
12/28/06 20:00,0.0
12/28/06 21:00,0.0
12/28/06 22:00,0.0
12/28/06 23:00,0.0
12/29/06 00:00,0.0
12/29/06 01:00,0.0
12/29/06 02:00,0.0
12/29/06 03:00,0.0
12/29/06 04:00,0.0
12/29/06 05:00,0.0
12/29/06 06:00,0.0
12/29/06 07:00,25.5
12/29/06 08:00,32.8
12/29/06 09:00,28.9
12/29/06 10:00,34.8
12/29/06 11:00,33.6
12/29/06 12:00,32.6
12/29/06 13:00,33.0
12/29/06 14:00,32.5
12/29/06 15:00,19.1
12/29/06 16:00,0.0
12/29/06 17:00,0.0
12/29/06 18:00,0.0
12/29/06 19:00,0.0
12/29/06 20:00,0.0
12/29/06 21:00,0.0
12/29/06 22:00,0.0
12/29/06 23:00,0.0
12/30/06 00:00,0.0
12/30/06 01:00,0.0
12/30/06 02:00,0.0
12/30/06 03:00,0.0
12/30/06 04:00,0.0
12/30/06 05:00,0.0
12/30/06 06:00,0.0
12/30/06 07:00,25.2
12/30/06 08:00,32.0
12/30/06 09:00,29.9
12/30/06 10:00,34.7
12/30/06 11:00,34.7
12/30/06 12:00,33.7
12/30/06 13:00,33.5
12/30/06 14:00,31.5
12/30/06 15:00,19.0
12/30/06 16:00,0.0
12/30/06 17:00,0.0
12/30/06 18:00,0.0
12/30/06 19:00,0.0
12/30/06 20:00,0.0
12/30/06 21:00,0.0
12/30/06 22:00,0.0
12/30/06 23:00,0.0
12/31/06 00:00,0.0
12/31/06 01:00,0.0
12/31/06 02:00,0.0
12/31/06 03:00,0.0
12/31/06 04:00,0.0
12/31/06 05:00,0.0
12/31/06 06:00,0.0
12/31/06 07:00,25.0
12/31/06 08:00,32.3
12/31/06 09:00,30.7
12/31/06 10:00,35.2
12/31/06 11:00,34.0
12/31/06 12:00,33.7
12/31/06 13:00,28.7
12/31/06 14:00,29.6
12/31/06 15:00,20.3
12/31/06 16:00,0.0
12/31/06 17:00,0.0
12/31/06 18:00,0.0
12/31/06 19:00,0.0
12/31/06 20:00,0.0
12/31/06 21:00,0.0
12/31/06 22:00,0.0
12/31/06 23:00,0.0
